
==============================================================================
Chorale: bwv253  (suffix: -trans-sa-opt.npy, spread_weight: 0.5)
==============================================================================
  Directory                                    lm   Mean    Max  MaxCh   Spread   Combined
  ------------------------------------------   --  -----  -----  -----  -------  ---------
  t1_r1.125_s0_md33_sn0_lm17                   17   48.9     90    122     12.4       55.1 <-- BEST
  t2_r1.375_s0_md33_sn0_lm17                   17   48.9     90    122     12.4       55.1
  t1_r1.5_s0_md33_sn0_lm17                     17   49.1     90    122     12.4       55.3
  t1_r1.75_s0_md33_sn0_lm19                    19   49.1     93    126     12.4       55.4
  t1_r1.5_s0_md33_sn0_lm19                     19   49.1     93    126     12.4       55.4
  t2_r1.125_s0_md33_sn0_lm19                   19   49.1     93    126     12.4       55.4
  t2_r1.25_s0_md33_sn0_lm19                    19   49.1     93    126     12.4       55.4
  t2_r1.375_s0_md33_sn0_lm19                   19   49.1     93    126     12.4       55.4
  t2_r1.5_s0_md33_sn0_lm19                     19   49.1     93    126     12.4       55.4
  t2_r1.75_s0_md33_sn0_lm19                    19   49.1     93    126     12.4       55.4
  t2_r1.125_s0_md33_sn0_lm17                   17   49.1     93    126     12.4       55.4
  t1_r1.625_s0_md33_sn0_lm19                   19   49.1     93    126     12.7       55.5
  t1_r1.125_s0_md33_sn0_lm19                   19   49.3     93    126     12.4       55.5
  t2_r1.75_s0_md33_sn0_lm17                    17   49.1     90    122     13.3       55.7
  t2_r1.625_s0_md33_sn0_lm19                   19   49.1     90    122     13.3       55.7
  t1_r1.25_s0_md33_sn0_lm17                    17   49.1     90    122     13.4       55.8
  t2_r1.625_s0_md33_sn0_lm17                   17   48.9     90    122     13.9       55.9
  t1_r1.625_s0_md33_sn0_lm17                   17   49.1     90    122     13.6       55.9
  t1_r1.375_s0_md33_sn0_lm19                   19   49.1     97    122     13.7       56.0
  t1_r1.75_s0_md33_sn0_lm17                    17   48.9     90    122     14.5       56.2
  t1_r1.25_s0_md33_sn0_lm19                    19   49.1     93    126     14.4       56.4
  t1_r1.50_s1.25_md33_sn0_lm23                 23   49.6     96     22     14.1       56.7
  t2_r1.5_s0_md33_sn0_lm17                     17   49.1     93    126     16.1       57.2
  t1_r1.375_s0_md33_sn0_lm17                   17   49.1     93    126     23.1       60.7
  t2_r1.75_s0_md33_sn0_lm23                    23   87.3   3109     22     15.7       95.1
  t2_r1.25_s0_md33_sn0_lm17                    17   86.6   3079    126     19.5       96.4

  Winner: t1_r1.125_s0_md33_sn0_lm17
    mean=48.9, max=90 at chord 122, spread=12.4, combined=55.1

==============================================================================
Chorale: bwv254  (suffix: -trans-sa-opt.npy, spread_weight: 0.5)
==============================================================================
  Directory                                    lm   Mean    Max  MaxCh   Spread   Combined
  ------------------------------------------   --  -----  -----  -----  -------  ---------
  t1_r1.5_s0_md33_sn0_lm17                     17   54.8    145    158     11.7       60.7 <-- BEST
  t1_r1.25_s0_md33_sn0_lm19                    19   54.9    145    158     12.9       61.4
  t1_r1.125_s0_md33_sn0_lm17                   17   54.7    140    158     13.9       61.6
  t1_r1.625_s0_md33_sn0_lm17                   17   54.8    145    158     13.8       61.7
  t1_r1.25_s0_md33_sn0_lm17                    17   54.7    145    158     14.4       61.9
  t2_r1.125_s0_md33_sn0_lm19                   19   55.0    145    158     14.5       62.2
  t1_r1.375_s0_md33_sn0_lm19                   19   55.4    140    158     14.4       62.6
  t1_r1.625_s0_md33_sn0_lm19                   19   55.9    146    160     13.5       62.6
  t1_r1.375_s0_md33_sn0_lm17                   17   54.8    140    158     15.8       62.8
  t1_r1.75_s0_md33_sn0_lm17                    17   54.8    140    158     16.2       62.9
  t1_r1.125_s0_md33_sn0_lm19                   19   55.1    145    158     15.9       63.0
  t1_r1.5_s0_md33_sn0_lm19                     19   55.4    145    158     19.8       65.3
  t1_r1.75_s0_md33_sn0_lm19                    19   55.5    146    160     20.8       66.0
  t2_r1.375_s0_md33_sn0_lm17                   17   65.8   1123    158     13.2       72.4
  t2_r1.75_s0_md33_sn0_lm17                    17   65.9   1123    158     12.9       72.4
  t2_r1.625_s0_md33_sn0_lm17                   17   65.9   1123    158     13.7       72.8
  t2_r1.75_s0_md33_sn0_lm19                    19   65.9   1123    158     14.5       73.1
  t2_r1.25_s0_md33_sn0_lm17                    17   65.9   1123    158     14.6       73.2
  t2_r1.625_s0_md33_sn0_lm19                   19   66.6   1123    158     14.3       73.8
  t2_r1.25_s0_md33_sn0_lm19                    19   66.3   1123    158     15.0       73.8
  t2_r1.375_s0_md33_sn0_lm19                   19   72.1   1123    158     14.7       79.4
  t2_r1.125_s0_md33_sn0_lm17                   17   77.3   1123    158     15.2       84.9
  t2_r1.5_s0_md33_sn0_lm19                     19   83.6   3144    147     15.4       91.3
  t2_r1.5_s0_md33_sn0_lm17                     17   88.5   2082    160     12.3       94.6
  t2_r1.75_s0_md33_sn0_lm23                    23  104.2   3142    156     14.6      111.5

  Winner: t1_r1.5_s0_md33_sn0_lm17
    mean=54.8, max=145 at chord 158, spread=11.7, combined=60.7

==============================================================================
Chorale: bwv255  (suffix: -trans-sa-opt.npy, spread_weight: 0.5)
==============================================================================
  Directory                                    lm   Mean    Max  MaxCh   Spread   Combined
  ------------------------------------------   --  -----  -----  -----  -------  ---------
  t2_r1.625_s0_md33_sn0_lm17                   17   50.8     82     42     11.9       56.7 <-- BEST
  t2_r1.625_s0_md33_sn0_lm19                   19   50.9     82     42     12.6       57.2
  t2_r1.25_s0_md33_sn0_lm17                    17   50.8     82     42     13.3       57.4
  t2_r1.5_s0_md33_sn0_lm17                     17   50.8     82     42     13.5       57.5
  t1_r1.125_s0_md33_sn0_lm17                   17   50.8     82     42     14.0       57.8
  t4_r1.75_s0_md33_sn0_lm19                    19   50.8     82     42     14.0       57.8
  t1_r1.625_s0_md33_sn0_lm17                   17   50.8     82     42     14.2       57.9
  t1_r1.25_s0_md33_sn0_lm19                    19   50.9     82     42     14.2       58.0
  t1_r1.5_s0_md33_sn0_lm19                     19   50.9     82     42     14.2       58.0
  t2_r1.125_s0_md33_sn0_lm17                   17   50.8     82     42     14.6       58.1
  t1_r1.5_s0_md33_sn0_lm17                     17   50.8     82     42     14.8       58.2
  t2_r1.375_s0_md33_sn0_lm17                   17   50.9     82     42     14.8       58.3
  t2_r1.25_s0_md33_sn0_lm19                    19   50.9     82     42     14.7       58.3
  t1_r1.125_s0_md33_sn0_lm19                   19   50.8     82     42     15.6       58.6
  t1_r1.375_s0_md33_sn0_lm19                   19   50.9     82     42     16.0       58.9
  t1_r1.75_s0_md33_sn0_lm17                    17   50.8     82     42     16.5       59.0
  t2_r1.75_s0_md33_sn0_lm17                    17   50.8     82     42     16.6       59.1
  t1_r1.375_s0_md33_sn0_lm17                   17   50.8     82     42     16.7       59.1
  t2_r1.125_s0_md33_sn0_lm19                   19   50.9     82     42     16.8       59.3
  t2_r1.75_s0_md33_sn0_lm23                    23   51.2     96     88     16.2       59.4
  t1_r1.25_s0_md33_sn0_lm17                    17   50.8     82     42     17.6       59.6
  t1_r1.625_s0_md33_sn0_lm19                   19   50.9     82     42     17.3       59.6
  t2_r1.375_s0_md33_sn0_lm19                   19   50.8     82     42     18.1       59.9
  t2_r1.75_s0_md33_sn0_lm19                    19   50.8     82     42     18.3       59.9
  t2_r1.5_s0_md33_sn0_lm19                     19   50.8     82     42     18.6       60.1
  t1_r1.75_s0_md33_sn0_lm19                    19   50.8     82     42     20.5       61.1

  Winner: t2_r1.625_s0_md33_sn0_lm17
    mean=50.8, max=82 at chord 42, spread=11.9, combined=56.7

==============================================================================
Chorale: bwv256  (suffix: -trans-sa-opt.npy, spread_weight: 0.5)
==============================================================================
  Directory                                    lm   Mean    Max  MaxCh   Spread   Combined
  ------------------------------------------   --  -----  -----  -----  -------  ---------
  t1_r1.375_s0_md33_sn0_lm17                   17   53.9    145    138     13.2       60.6 <-- BEST
  t2_r1.25_s0_md33_sn0_lm19                    19   54.1    140    138     14.3       61.3
  t2_r1.75_s0_md33_sn0_lm17                    17   53.9    140    138     15.1       61.4
  t1_r1.125_s0_md33_sn0_lm19                   19   54.1    140    138     15.1       61.7
  t2_r1.25_s0_md33_sn0_lm17                    17   53.9    140    138     15.8       61.7
  t2_r1.625_s0_md33_sn0_lm17                   17   53.9    140    138     16.1       61.9
  t2_r1.5_s0_md33_sn0_lm17                     17   53.9    140    138     16.4       62.1
  t1_r1.25_s0_md33_sn0_lm19                    19   54.0    145    138     16.4       62.2
  t1_r1.75_s0_md33_sn0_lm17                    17   54.1    140    138     16.5       62.3
  t1_r1.5_s0_md33_sn0_lm19                     19   53.9    140    138     17.8       62.8
  t1_r1.625_s0_md33_sn0_lm19                   19   54.1    140    138     17.4       62.8
  t2_r1.375_s0_md33_sn0_lm17                   17   54.0    140    138     18.1       63.0
  t1_r1.375_s0_md33_sn0_lm19                   19   54.1    140    138     17.9       63.1
  t1_r1.125_s0_md33_sn0_lm17                   17   54.1    140    138     18.2       63.2
  t1_r1.25_s0_md33_sn0_lm17                    17   53.9    140    138     18.7       63.2
  t1_r1.5_s0_md33_sn0_lm17                     17   53.9    140    138     19.3       63.5
  t2_r1.375_s0_md33_sn0_lm19                   19   54.1    140    138     19.3       63.8
  t2_r1.5_s0_md33_sn0_lm19                     19   54.2    145    138     19.4       63.8
  t2_r1.125_s0_md33_sn0_lm19                   19   54.2    145    138     19.6       63.9
  t1_r1.75_s0_md33_sn0_lm19                    19   54.1    140    138     20.3       64.3
  t2_r1.75_s0_md33_sn0_lm19                    19   54.1    140    138     20.6       64.4
  t1_r1.625_s0_md33_sn0_lm17                   17   54.1    140    138     23.3       65.8
  t2_r1.125_s0_md33_sn0_lm17                   17   67.2   1089     12     18.3       76.3
  t2_r1.75_s0_md33_sn0_lm23                    23   75.9   2115    116     21.9       86.9
  t2_r1.625_s0_md33_sn0_lm19                   19  104.0   4079    102     15.5      111.7

  Winner: t1_r1.375_s0_md33_sn0_lm17
    mean=53.9, max=145 at chord 138, spread=13.2, combined=60.6

==============================================================================
Chorale: bwv257  (suffix: -trans-sa-opt.npy, spread_weight: 0.5)
==============================================================================
  Directory                                    lm   Mean    Max  MaxCh   Spread   Combined
  ------------------------------------------   --  -----  -----  -----  -------  ---------
  t1_r1.25_s0_md33_sn0_lm17                    17   57.6    140    128     15.9       65.5 <-- BEST
  t1_r1.75_s0_md33_sn0_lm17                    17   57.9    140    128     19.0       67.4
  t1_r1.5_s0_md33_sn0_lm17                     17   57.8    140    128     20.3       68.0
  t1_r1.5_s0_md33_sn0_lm19                     19   57.9    140    128     21.4       68.6
  t1_r1.125_s0_md33_sn0_lm17                   17   57.3    140    128     23.9       69.3
  t1_r1.625_s0_md33_sn0_lm19                   19   58.5    140    128     22.1       69.5
  t1_r1.375_s0_md33_sn0_lm17                   17   58.2    140    128     22.9       69.6
  t1_r1.25_s0_md33_sn0_lm19                    19   58.5    145    128     22.4       69.7
  t1_r1.125_s0_md33_sn0_lm19                   19   57.8    140    128     24.2       69.9
  t1_r1.625_s0_md33_sn0_lm17                   17   57.6    140    128     25.7       70.4
  t1_r1.75_s0_md33_sn0_lm19                    19   58.6    145    128     24.4       70.8
  t2_r1.5_s0_md33_sn0_lm19                     19   83.3   1123    128     15.7       91.1
  t2_r1.25_s0_md33_sn0_lm17                    17   82.1   1123    128     18.4       91.3
  t2_r1.5_s0_md33_sn0_lm17                     17   82.0   1123    128     19.8       91.9
  t2_r1.625_s0_md33_sn0_lm17                   17   82.1   1123    128     20.9       92.6
  t2_r1.75_s0_md33_sn0_lm17                    17   81.9   1123    128     23.6       93.7
  t1_r1.375_s0_md33_sn0_lm19                   19   83.8   2102     12     20.8       94.1
  t2_r1.75_s0_md33_sn0_lm23                    23   96.8   1123    128     17.7      105.7
  t2_r1.625_s0_md33_sn0_lm19                   19   95.4   1123    128     22.9      106.8
  t2_r1.375_s0_md33_sn0_lm19                   19   95.5   1123    128     24.1      107.6
  t2_r1.125_s0_md33_sn0_lm17                   17   95.4   1123    128     24.6      107.7
  t2_r1.75_s0_md33_sn0_lm19                    19   95.3   1123    128     25.9      108.3
  t2_r1.125_s0_md33_sn0_lm19                   19  107.4   1123    128     23.4      119.1
  t2_r1.25_s0_md33_sn0_lm19                    19  108.2   2126    128     27.0      121.8
  t2_r1.375_s0_md33_sn0_lm17                   17  132.7   3079     50     20.5      143.0

  Winner: t1_r1.25_s0_md33_sn0_lm17
    mean=57.6, max=140 at chord 128, spread=15.9, combined=65.5

==============================================================================
Chorale: bwv258  (suffix: -trans-sa-opt.npy, spread_weight: 0.5)
==============================================================================
  Directory                                    lm   Mean    Max  MaxCh   Spread   Combined
  ------------------------------------------   --  -----  -----  -----  -------  ---------
  t1_r1.375_s0_md33_sn0_lm19                   19   58.0    145     80     15.1       65.5 <-- BEST
  t1_r1.375_s0_md33_sn0_lm17                   17   57.7    140     80     17.2       66.3
  t1_r1.125_s0_md33_sn0_lm19                   19   58.3    145     80     16.5       66.6
  t1_r1.5_s0_md33_sn0_lm17                     17   57.7    140     80     17.7       66.6
  t1_r1.25_s0_md33_sn0_lm19                    19   58.0    140     80     17.4       66.7
  t1_r1.75_s0_md33_sn0_lm17                    17   57.8    140     80     18.4       67.0
  t1_r1.75_s0_md33_sn0_lm19                    19   57.9    145     80     18.7       67.3
  t1_r1.625_s0_md33_sn0_lm17                   17   57.7    140     80     19.1       67.3
  t1_r1.25_s0_md33_sn0_lm17                    17   57.9    145     88     20.4       68.1
  t1_r1.625_s0_md33_sn0_lm19                   19   58.0    140     80     20.4       68.2
  t1_r1.5_s0_md33_sn0_lm19                     19   58.1    145     88     21.6       68.9
  t1_r1.125_s0_md33_sn0_lm17                   17   57.8    140     80     23.3       69.4
  t2_r1.125_s0_md33_sn0_lm17                   17   82.4   1123     80     17.2       91.0
  t2_r1.75_s0_md33_sn0_lm17                    17   82.4   1123     80     19.5       92.1
  t2_r1.25_s0_md33_sn0_lm17                    17   82.4   1123     80     19.7       92.2
  t2_r1.375_s0_md33_sn0_lm17                   17   82.6   1123     80     19.4       92.3
  t2_r1.75_s0_md33_sn0_lm19                    19   82.7   1123     80     19.5       92.5
  t2_r1.375_s0_md33_sn0_lm19                   19   82.6   1123     80     19.9       92.5
  t2_r1.5_s0_md33_sn0_lm17                     17   82.4   1123     80     20.8       92.8
  t2_r1.625_s0_md33_sn0_lm19                   19   82.9   1123     80     20.8       93.3
  t2_r1.125_s0_md33_sn0_lm19                   19   82.9   1123     80     20.9       93.3
  t2_r1.5_s0_md33_sn0_lm19                     19   82.6   1123     80     22.3       93.7
  t2_r1.625_s0_md33_sn0_lm17                   17   82.6   1123     80     23.1       94.1
  t2_r1.75_s0_md33_sn0_lm23                    23   84.8   1135     88     20.0       94.8
  t2_r1.25_s0_md33_sn0_lm19                    19  133.0   2143     88     16.3      141.2

  Winner: t1_r1.375_s0_md33_sn0_lm19
    mean=58.0, max=145 at chord 80, spread=15.1, combined=65.5

==============================================================================
Chorale: bwv259  (suffix: -trans-sa-opt.npy, spread_weight: 0.5)
==============================================================================
  Directory                                    lm   Mean    Max  MaxCh   Spread   Combined
  ------------------------------------------   --  -----  -----  -----  -------  ---------
  t2_r1.25_s0_md33_sn0_lm17                    17   53.2    104     74     11.7       59.0 <-- BEST
  t1_r1.75_s0_md33_sn0_lm17                    17   53.2    104     74     12.3       59.3
  t1_r1.625_s0_md33_sn0_lm19                   19   53.3    104     74     13.5       60.0
  t1_r1.75_s0_md33_sn0_lm19                    19   53.5    104     74     13.3       60.1
  t2_r1.5_s0_md33_sn0_lm17                     17   53.2    104     74     14.1       60.3
  t1_r1.375_s0_md33_sn0_lm17                   17   53.3    104     74     14.1       60.3
  t2_r1.75_s0_md33_sn0_lm17                    17   53.2    104     74     14.4       60.4
  t1_r1.5_s0_md33_sn0_lm17                     17   53.3    104     74     14.4       60.5
  t2_r1.125_s0_md33_sn0_lm19                   19   53.5    104     74     14.2       60.6
  t2_r1.375_s0_md33_sn0_lm17                   17   53.2    104     74     14.8       60.6
  t2_r1.625_s0_md33_sn0_lm19                   19   53.6    104     74     14.2       60.6
  t2_r1.25_s0_md33_sn0_lm19                    19   53.6    104     74     14.2       60.6
  t1_r1.25_s0_md33_sn0_lm17                    17   53.3    104     74     14.6       60.6
  t2_r1.375_s0_md33_sn0_lm19                   19   53.5    104     74     14.4       60.7
  t1_r1.25_s0_md33_sn0_lm19                    19   53.5    104     74     14.5       60.8
  t1_r1.125_s0_md33_sn0_lm17                   17   53.3    104     74     15.4       61.0
  t1_r1.5_s0_md33_sn0_lm19                     19   53.6    104     74     15.2       61.3
  t1_r1.625_s0_md33_sn0_lm17                   17   53.2    104     74     16.8       61.6
  t2_r1.625_s0_md33_sn0_lm17                   17   53.2    104     74     17.5       61.9
  t2_r1.125_s0_md33_sn0_lm17                   17   53.3    104     74     17.4       62.0
  t2_r1.5_s0_md33_sn0_lm19                     19   53.6    104     74     17.5       62.3
  t1_r1.125_s0_md33_sn0_lm19                   19   53.5    104     74     19.6       63.3
  t1_r1.375_s0_md33_sn0_lm19                   19   54.8    145    118     17.1       63.3
  t2_r1.75_s0_md33_sn0_lm23                    23   72.6   1146     66     18.7       82.0
  t2_r1.75_s0_md33_sn0_lm19                    19   84.7   3045    148     16.8       93.1

  Winner: t2_r1.25_s0_md33_sn0_lm17
    mean=53.2, max=104 at chord 74, spread=11.7, combined=59.0

==============================================================================
Chorale: bwv260  (suffix: -trans-sa-opt.npy, spread_weight: 0.5)
==============================================================================
  Directory                                    lm   Mean    Max  MaxCh   Spread   Combined
  ------------------------------------------   --  -----  -----  -----  -------  ---------
  t1_r1.75_s0_md33_sn0_lm17                    17   52.3    105     72     10.9       57.7 <-- BEST
  t2_r1.625_s0_md33_sn0_lm19                   19   52.3    105     72     11.0       57.8
  t1_r1.375_s0_md33_sn0_lm19                   19   52.4    105     72     11.5       58.2
  t2_r1.375_s0_md33_sn0_lm17                   17   52.3    105     72     11.8       58.2
  t1_r1.375_s0_md33_sn0_lm17                   17   52.3    105     72     11.9       58.2
  t2_r1.375_s0_md33_sn0_lm19                   19   52.4    105     72     11.7       58.3
  t2_r1.125_s0_md33_sn0_lm19                   19   52.4    105     72     11.9       58.4
  t1_r1.25_s0_md33_sn0_lm17                    17   52.2    105     72     12.5       58.5
  t1_r1.5_s0_md33_sn0_lm19                     19   52.5    111     72     12.1       58.6
  t2_r1.625_s0_md33_sn0_lm17                   17   52.2    105     72     13.1       58.8
  t1_r1.625_s0_md33_sn0_lm17                   17   52.4    111     72     12.9       58.8
  t2_r1.5_s0_md33_sn0_lm19                     19   52.4    105     72     12.7       58.8
  t2_r1.75_s0_md33_sn0_lm17                    17   52.2    105     72     13.2       58.8
  t1_r1.625_s0_md33_sn0_lm19                   19   52.4    105     72     12.8       58.9
  t1_r1.75_s0_md33_sn0_lm19                    19   52.4    105     72     12.9       58.9
  t2_r1.125_s0_md33_sn0_lm17                   17   52.2    105     72     13.4       58.9
  t2_r1.5_s0_md33_sn0_lm17                     17   52.2    105     72     13.8       59.1
  t1_r1.125_s0_md33_sn0_lm17                   17   52.2    105     72     13.8       59.1
  t1_r1.5_s0_md33_sn0_lm17                     17   52.4    111     72     14.5       59.6
  t2_r1.25_s0_md33_sn0_lm17                    17   52.3    111     72     15.7       60.1
  t1_r1.25_s0_md33_sn0_lm19                    19   52.5    111     72     15.8       60.4
  t1_r1.125_s0_md33_sn0_lm19                   19   52.5    111     72     15.8       60.4
  t2_r1.25_s0_md33_sn0_lm19                    19   77.4   2090     34     11.7       83.3
  t2_r1.75_s0_md33_sn0_lm19                    19   77.5   2090     34     16.4       85.7
  t2_r1.75_s0_md33_sn0_lm23                    23   79.8   2119     18     19.7       89.6

  Winner: t1_r1.75_s0_md33_sn0_lm17
    mean=52.3, max=105 at chord 72, spread=10.9, combined=57.7

==============================================================================
Chorale: bwv261  (suffix: -trans-sa-opt.npy, spread_weight: 0.5)
==============================================================================
  Directory                                    lm   Mean    Max  MaxCh   Spread   Combined
  ------------------------------------------   --  -----  -----  -----  -------  ---------
  t2_r1.75_s0_md33_sn0_lm17                    17   56.6    140     72     17.6       65.5 <-- BEST
  t2_r1.125_s0_md33_sn0_lm17                   17   56.7    140     72     17.7       65.5
  t1_r1.25_s0_md33_sn0_lm19                    19   57.4    140     72     16.5       65.7
  t2_r1.5_s0_md33_sn0_lm17                     17   56.7    140     72     18.6       66.0
  t1_r1.375_s0_md33_sn0_lm19                   19   57.2    140     72     18.0       66.2
  t2_r1.25_s0_md33_sn0_lm17                    17   56.7    140     72     19.2       66.3
  t2_r1.25_s0_md33_sn0_lm19                    19   57.6    145     72     17.9       66.5
  t1_r1.75_s0_md33_sn0_lm17                    17   56.7    145     72     19.7       66.5
  t1_r1.5_s0_md33_sn0_lm17                     17   56.7    140     72     19.8       66.6
  t2_r1.75_s0_md33_sn0_lm19                    19   57.4    145     72     18.6       66.7
  t1_r1.25_s0_md33_sn0_lm17                    17   56.8    140     72     20.0       66.8
  t1_r1.5_s0_md33_sn0_lm19                     19   57.7    140     72     18.9       67.1
  t2_r1.125_s0_md33_sn0_lm19                   19   57.2    140     72     20.0       67.2
  t1_r1.125_s0_md33_sn0_lm17                   17   56.7    140     72     21.4       67.4
  t1_r1.625_s0_md33_sn0_lm17                   17   56.6    140     72     21.8       67.5
  t1_r1.375_s0_md33_sn0_lm17                   17   56.7    140     72     22.6       68.0
  t1_r1.625_s0_md33_sn0_lm19                   19   57.7    140     72     21.0       68.2
  t2_r1.375_s0_md33_sn0_lm17                   17   56.5    140     72     23.5       68.3
  t1_r1.125_s0_md33_sn0_lm19                   19   57.5    140     72     21.8       68.5
  t1_r1.75_s0_md33_sn0_lm19                    19   57.1    157     58     24.2       69.2
  t2_r1.625_s0_md33_sn0_lm19                   19   72.0   2110    160     17.4       80.7
  t2_r1.625_s0_md33_sn0_lm17                   17   71.0   2110    160     19.4       80.7
  t2_r1.375_s0_md33_sn0_lm19                   19   71.7   2110    160     20.8       82.0
  t2_r1.5_s0_md33_sn0_lm19                     19   71.6   2110    160     21.2       82.2
  t2_r1.75_s0_md33_sn0_lm23                    23  110.5   2135     72     23.3      122.2

  Winner: t2_r1.75_s0_md33_sn0_lm17
    mean=56.6, max=140 at chord 72, spread=17.6, combined=65.5

==============================================================================
Chorale: bwv262  (suffix: -trans-sa-opt.npy, spread_weight: 0.5)
==============================================================================
  Directory                                    lm   Mean    Max  MaxCh   Spread   Combined
  ------------------------------------------   --  -----  -----  -----  -------  ---------
  t1_r1.125_s0_md33_sn0_lm17                   17   47.6    113    183     11.0       53.0 <-- BEST
  t2_r1.125_s0_md33_sn0_lm17                   17   47.5     93     55     12.8       53.9
  t2_r1.5_s0_md33_sn0_lm17                     17   47.5     93     55     12.8       53.9
  t1_r1.75_s0_md33_sn0_lm17                    17   47.5     93     55     13.0       54.0
  t1_r1.25_s0_md33_sn0_lm17                    17   47.5     93     55     12.9       54.0
  t1_r1.5_s0_md33_sn0_lm19                     19   47.7     93     55     12.8       54.1
  t2_r1.75_s0_md33_sn0_lm17                    17   47.6    113     55     13.0       54.1
  t2_r1.375_s0_md33_sn0_lm19                   19   47.8    116     55     12.8       54.1
  t1_r1.625_s0_md33_sn0_lm17                   17   47.5     93     55     14.2       54.6
  t1_r1.25_s0_md33_sn0_lm19                    19   47.8    113     55     14.2       54.9
  t1_r1.625_s0_md33_sn0_lm19                   19   47.6     93     55     14.8       55.0
  t1_r1.125_s0_md33_sn0_lm19                   19   47.7    113     55     14.8       55.1
  t2_r1.625_s0_md33_sn0_lm19                   19   47.8    113     55     15.8       55.7
  t2_r1.625_s0_md33_sn0_lm17                   17   47.6    113     55     16.4       55.8
  t2_r1.375_s0_md33_sn0_lm17                   17   47.6     93     55     16.8       56.0
  t2_r1.25_s0_md33_sn0_lm17                    17   47.6    113    183     17.0       56.1
  t1_r1.75_s0_md33_sn0_lm19                    19   47.8    113    183     17.8       56.6
  t2_r1.5_s0_md33_sn0_lm19                     19   47.8    113     55     18.8       57.2
  t1_r1.375_s0_md33_sn0_lm19                   19   47.8    115    183     19.5       57.6
  t2_r1.75_s0_md33_sn0_lm19                    19   47.6    113     55     20.5       57.9
  t2_r1.25_s0_md33_sn0_lm19                    19   47.7    113    183     21.2       58.3
  t1_r1.375_s0_md33_sn0_lm17                   17   47.5     93     55     21.8       58.4
  t1_r1.5_s0_md33_sn0_lm17                     17   47.6     93     55     25.0       60.1
  t2_r1.125_s0_md33_sn0_lm19                   19   53.0   1148     55     20.2       63.1
  t2_r1.75_s0_md33_sn0_lm23                    23  127.5   4043     20     13.4      134.2

  Winner: t1_r1.125_s0_md33_sn0_lm17
    mean=47.6, max=113 at chord 183, spread=11.0, combined=53.0

==============================================================================
Chorale: bwv263  (suffix: -trans-sa-opt.npy, spread_weight: 0.5)
==============================================================================
  Directory                                    lm   Mean    Max  MaxCh   Spread   Combined
  ------------------------------------------   --  -----  -----  -----  -------  ---------
  t2_r1.5_s0_md33_sn0_lm17                     17   49.7    140    104     13.3       56.4 <-- BEST
  t2_r1.5_s0_md33_sn0_lm19                     19   50.1    145    104     12.5       56.4
  t1_r1.375_s0_md33_sn0_lm19                   19   49.9    145    104     13.0       56.4
  t2_r1.125_s0_md33_sn0_lm19                   19   50.0    140    104     13.3       56.7
  t2_r1.375_s0_md33_sn0_lm17                   17   49.5    140    104     14.3       56.7
  t2_r1.75_s0_md33_sn0_lm19                    19   49.9    140    104     13.7       56.7
  t1_r1.625_s0_md33_sn0_lm17                   17   49.8    140    104     15.0       57.3
  t2_r1.75_s0_md33_sn0_lm17                    17   49.6    140    104     16.0       57.6
  t2_r1.125_s0_md33_sn0_lm17                   17   49.9    140    104     16.5       58.1
  t1_r1.625_s0_md33_sn0_lm19                   19   49.8    140    104     19.0       59.3
  t2_r1.625_s0_md33_sn0_lm19                   19   49.9    140    104     19.0       59.4
  t1_r1.125_s0_md33_sn0_lm19                   19   49.9    140    104     19.0       59.4
  t1_r1.5_s0_md33_sn0_lm19                     19   49.9    140    104     20.0       59.9
  t1_r1.5_s0_md33_sn0_lm17                     17   49.8    140    104     21.0       60.3
  t1_r1.125_s0_md33_sn0_lm17                   17   49.9    140    104     22.0       60.9
  t1_r1.75_s0_md33_sn0_lm19                    19   50.1    140    104     22.0       61.1
  t2_r1.375_s0_md33_sn0_lm19                   19   49.8    140    104     23.5       61.6
  t1_r1.25_s0_md33_sn0_lm19                    19   50.0    140    104     23.5       61.8
  t1_r1.75_s0_md33_sn0_lm17                    17   49.8    140    104     26.0       62.8
  t2_r1.25_s0_md33_sn0_lm17                    17   49.6    140    104     26.5       62.9
  t1_r1.25_s0_md33_sn0_lm17                    17   49.8    140    104     26.5       63.1
  t1_r1.375_s0_md33_sn0_lm17                   17   49.9    140    104     29.0       64.4
  t2_r1.75_s0_md33_sn0_lm23                    23   50.4    140    104     30.5       65.7
  t2_r1.25_s0_md33_sn0_lm19                    19   60.5   1110     42     15.0       68.0
  t2_r1.625_s0_md33_sn0_lm17                   17   70.6   2143    104     12.0       76.6

  Winner: t2_r1.5_s0_md33_sn0_lm17
    mean=49.7, max=140 at chord 104, spread=13.3, combined=56.4

==============================================================================
Chorale: bwv264  (suffix: -trans-sa-opt.npy, spread_weight: 0.5)
==============================================================================
  Directory                                    lm   Mean    Max  MaxCh   Spread   Combined
  ------------------------------------------   --  -----  -----  -----  -------  ---------
  t1_r1.125_s0_md33_sn0_lm17                   17   48.3    127    110      9.9       53.3 <-- BEST
  t1_r1.25_s0_md33_sn0_lm17                    17   48.0    111    110     11.0       53.6
  t1_r1.5_s0_md33_sn0_lm19                     19   48.2    111    110     11.5       54.0
  t1_r1.5_s0_md33_sn0_lm17                     17   48.0    111    110     12.0       54.0
  t2_r1.125_s0_md33_sn0_lm17                   17   48.1    111    110     11.9       54.1
  t2_r1.75_s0_md33_sn0_lm17                    17   48.0    105    110     12.2       54.1
  t1_r1.125_s0_md33_sn0_lm19                   19   48.2    111    110     11.9       54.1
  t2_r1.625_s0_md33_sn0_lm17                   17   48.1    111    110     12.0       54.1
  t1_r1.625_s0_md33_sn0_lm19                   19   48.2    140    110     12.0       54.3
  t1_r1.25_s0_md33_sn0_lm19                    19   48.4    140    110     12.2       54.5
  t2_r1.625_s0_md33_sn0_lm19                   19   48.1    111    110     13.5       54.9
  t2_r1.5_s0_md33_sn0_lm19                     19   48.6    130    110     12.8       55.0
  t1_r1.75_s0_md33_sn0_lm17                    17   48.2    111    110     14.2       55.3
  t1_r1.375_s0_md33_sn0_lm17                   17   48.0    111    110     14.9       55.5
  t1_r1.625_s0_md33_sn0_lm17                   17   48.2    135    110     15.0       55.7
  t2_r1.5_s0_md33_sn0_lm17                     17   48.2    111    110     15.2       55.8
  t2_r1.25_s0_md33_sn0_lm17                    17   48.2    130    110     15.5       55.9
  t2_r1.125_s0_md33_sn0_lm19                   19   48.6    130    110     15.5       56.3
  t2_r1.375_s0_md33_sn0_lm19                   19   48.2    105    110     16.4       56.3
  t2_r1.25_s0_md33_sn0_lm19                    19   48.0    105    110     17.2       56.6
  t1_r1.75_s0_md33_sn0_lm19                    19   48.2    111    110     17.9       57.2
  t2_r1.375_s0_md33_sn0_lm17                   17   48.0    111    110     18.3       57.2
  t1_r1.375_s0_md33_sn0_lm19                   19   48.4    140    110     17.7       57.2
  t2_r1.75_s0_md33_sn0_lm19                    19   54.9   1135    110     11.5       60.7
  t2_r1.75_s0_md33_sn0_lm23                    23   62.0   2121    103     14.3       69.2

  Winner: t1_r1.125_s0_md33_sn0_lm17
    mean=48.3, max=127 at chord 110, spread=9.9, combined=53.3

==============================================================================

Run with --render to produce audio for the winners.

Copying winning .npy files to Archive/straw-man/best-tunings/ ...

  bwv253  →  bwv253-trans-sa-opt.npy  (from t1_r1.125_s0_md33_sn0_lm17)
  bwv254  →  bwv254-trans-sa-opt.npy  (from t1_r1.5_s0_md33_sn0_lm17)
  bwv255  →  bwv255-trans-sa-opt.npy  (from t2_r1.625_s0_md33_sn0_lm17)
  bwv256  →  bwv256-trans-sa-opt.npy  (from t1_r1.375_s0_md33_sn0_lm17)
  bwv257  →  bwv257-trans-sa-opt.npy  (from t1_r1.25_s0_md33_sn0_lm17)
  bwv258  →  bwv258-trans-sa-opt.npy  (from t1_r1.375_s0_md33_sn0_lm19)
  bwv259  →  bwv259-trans-sa-opt.npy  (from t2_r1.25_s0_md33_sn0_lm17)
  bwv260  →  bwv260-trans-sa-opt.npy  (from t1_r1.75_s0_md33_sn0_lm17)
  bwv261  →  bwv261-trans-sa-opt.npy  (from t2_r1.75_s0_md33_sn0_lm17)
  bwv262  →  bwv262-trans-sa-opt.npy  (from t1_r1.125_s0_md33_sn0_lm17)
  bwv263  →  bwv263-trans-sa-opt.npy  (from t2_r1.5_s0_md33_sn0_lm17)
  bwv264  →  bwv264-trans-sa-opt.npy  (from t1_r1.125_s0_md33_sn0_lm17)

Done copying.
