=======================================
Grid Search Aggregation Job
========================================

Checking for completed results...
Found 314 result files (expected: 240)

Running select_best_and_render.py to rank all parameter combinations...

/usr/local/lib/python3.12/site-packages/requests/__init__.py:113: RequestsDependencyWarning: urllib3 (2.6.3) or chardet (7.0.0)/charset_normalizer (3.4.4) doesn't match a supported version!
  warnings.warn(

==============================================================================
Chorale: bwv253  (suffix: -trans-sa-opt.npy, spread_weight: 0.5)
==============================================================================
  Directory                                    lm   Mean    Max  MaxCh   Spread   Combined
  ------------------------------------------   --  -----  -----  -----  -------  ---------
  t1_r1.125_s0_md33_sn0_lm17                   17   48.9     90    122     12.4       55.1 <-- BEST
  t2_r1.5_s0_md33_sn0_lm19                     19   48.9     90    122     12.4       55.1
  t2_r1.625_s0_md33_sn0_lm19                   19   48.9     90    122     12.4       55.1
  t1_r1.25_s0_md33_sn0_lm17                    17   48.9     90    122     12.4       55.1
  t1_r1.5_s0_md33_sn0_lm19                     19   48.9     90    122     12.4       55.1
  t2_r1.5_s0_md33_sn0_lm17                     17   48.9     90    122     12.5       55.2
  t2_r1.25_s0_md33_sn0_lm17                    17   49.0     90    122     12.4       55.3
  t1_r1.375_s0_md33_sn0_lm17                   17   49.1     93    126     12.4       55.3
  t1_r1.375_s0_md33_sn0_lm19                   19   49.1     93    126     12.4       55.3
  t1_r1.5_s0_md33_sn0_lm17                     17   49.1     93    126     12.4       55.3
  t1_r1.625_s0_md33_sn0_lm17                   17   49.1     93    126     12.4       55.3
  t2_r1.375_s0_md33_sn0_lm17                   17   49.1     93    126     12.4       55.3
  t1_r1.75_s0_md33_sn0_lm19                    19   49.1     93    126     12.4       55.4
  t2_r1.25_s0_md33_sn0_lm19                    19   49.1     93    126     12.4       55.4
  t2_r1.75_s0_md33_sn0_lm19                    19   49.1     93    126     12.4       55.4
  t1_r1.125_s0_md33_sn0_lm19                   19   49.3     93    126     12.4       55.5
  t1_r1.25_s0_md33_sn0_lm19                    19   49.1     93    126     12.7       55.5
  t2_r1.375_s0_md33_sn0_lm19                   19   49.1     93    126     12.9       55.6
  t1_r1.625_s0_md33_sn0_lm19                   19   49.3     93    126     12.4       55.6
  t2_r1.125_s0_md33_sn0_lm17                   17   49.3     93    126     12.7       55.6
  t2_r1.75_s0_md33_sn0_lm17                    17   49.1     90    122     13.3       55.7
  t1_r1.75_s0_md33_sn0_lm17                    17   48.9     90    122     14.5       56.2
  t1_r1.50_s1.25_md33_sn0_lm23                 23   49.6     96     22     14.1       56.7
  t2_r1.125_s0_md33_sn0_lm19                   19   74.3   2110    126     12.4       80.6
  t2_r1.625_s0_md33_sn0_lm17                   17   86.4   3047    128     12.5       92.7
  t2_r1.75_s0_md33_sn0_lm23                    23   87.3   3109     22     15.7       95.1

  Winner: t1_r1.125_s0_md33_sn0_lm17
    mean=48.9, max=90 at chord 122, spread=12.4, combined=55.1

==============================================================================
Chorale: bwv254  (suffix: -trans-sa-opt.npy, spread_weight: 0.5)
==============================================================================
  Directory                                    lm   Mean    Max  MaxCh   Spread   Combined
  ------------------------------------------   --  -----  -----  -----  -------  ---------
  t1_r1.625_s0_md33_sn0_lm17                   17   55.6    163    160     12.3       61.8 <-- BEST
  t1_r1.125_s0_md33_sn0_lm19                   19   54.7    140    158     14.8       62.1
  t1_r1.375_s0_md33_sn0_lm17                   17   55.2    145    158     14.2       62.3
  t1_r1.25_s0_md33_sn0_lm19                    19   55.6    146    160     13.8       62.5
  t1_r1.75_s0_md33_sn0_lm17                    17   54.8    140    158     16.2       62.9
  t1_r1.125_s0_md33_sn0_lm17                   17   55.8    163    160     14.3       63.0
  t1_r1.375_s0_md33_sn0_lm19                   19   55.6    146    160     16.3       63.7
  t1_r1.5_s0_md33_sn0_lm17                     17   56.1    163    160     15.3       63.7
  t1_r1.625_s0_md33_sn0_lm19                   19   55.9    162    160     16.1       64.0
  t1_r1.75_s0_md33_sn0_lm19                    19   55.5    146    160     20.8       66.0
  t2_r1.75_s0_md33_sn0_lm17                    17   65.9   1123    158     12.9       72.4
  t2_r1.25_s0_md33_sn0_lm17                    17   66.0   1123    158     13.7       72.8
  t2_r1.375_s0_md33_sn0_lm19                   19   66.0   1123    158     13.8       72.9
  t2_r1.625_s0_md33_sn0_lm19                   19   65.8   1123    158     14.7       73.1
  t2_r1.75_s0_md33_sn0_lm19                    19   65.9   1123    158     14.5       73.1
  t2_r1.5_s0_md33_sn0_lm17                     17   66.0   1123    158     14.5       73.2
  t2_r1.125_s0_md33_sn0_lm17                   17   66.2   1123    158     14.3       73.3
  t1_r1.5_s0_md33_sn0_lm19                     19   67.4   1213    158     13.5       74.1
  t1_r1.25_s0_md33_sn0_lm17                    17   67.0   1118    160     14.9       74.4
  t2_r1.375_s0_md33_sn0_lm17                   17   89.7   2135    160     14.2       96.8
  t2_r1.25_s0_md33_sn0_lm19                    19   89.6   2119    148     14.9       97.1
  t2_r1.5_s0_md33_sn0_lm19                     19   90.3   2122    160     15.2       97.9
  t2_r1.625_s0_md33_sn0_lm17                   17   89.8   2119    148     16.2       97.9
  t2_r1.125_s0_md33_sn0_lm19                   19   90.6   2122    160     14.7       97.9
  t2_r1.75_s0_md33_sn0_lm23                    23  104.2   3142    156     14.6      111.5

  Winner: t1_r1.625_s0_md33_sn0_lm17
    mean=55.6, max=163 at chord 160, spread=12.3, combined=61.8

==============================================================================
Chorale: bwv255  (suffix: -trans-sa-opt.npy, spread_weight: 0.5)
==============================================================================
  Directory                                    lm   Mean    Max  MaxCh   Spread   Combined
  ------------------------------------------   --  -----  -----  -----  -------  ---------
  t2_r1.375_s0_md33_sn0_lm19                   19   50.8     82     42     12.5       57.0 <-- BEST
  t4_r1.75_s0_md33_sn0_lm19                    19   50.8     82     42     14.0       57.8
  t1_r1.25_s0_md33_sn0_lm17                    17   50.8     82     42     14.7       58.1
  t2_r1.25_s0_md33_sn0_lm17                    17   50.9     82     42     14.5       58.2
  t1_r1.375_s0_md33_sn0_lm17                   17   50.9     82     42     14.6       58.2
  t2_r1.375_s0_md33_sn0_lm17                   17   50.8     82     42     15.1       58.3
  t1_r1.125_s0_md33_sn0_lm17                   17   50.9     82     42     14.9       58.4
  t2_r1.625_s0_md33_sn0_lm17                   17   50.9     82     42     15.0       58.4
  t1_r1.5_s0_md33_sn0_lm19                     19   50.8     82     42     15.7       58.6
  t1_r1.125_s0_md33_sn0_lm19                   19   50.9     82     42     15.6       58.7
  t1_r1.75_s0_md33_sn0_lm17                    17   50.8     82     42     16.5       59.0
  t2_r1.75_s0_md33_sn0_lm17                    17   50.8     82     42     16.6       59.1
  t1_r1.5_s0_md33_sn0_lm17                     17   50.9     82     42     16.3       59.1
  t2_r1.625_s0_md33_sn0_lm19                   19   50.9     82     42     16.5       59.1
  t2_r1.25_s0_md33_sn0_lm19                    19   50.9     82     42     16.9       59.3
  t2_r1.75_s0_md33_sn0_lm23                    23   51.2     96     88     16.2       59.4
  t1_r1.625_s0_md33_sn0_lm19                   19   50.9     82     42     17.1       59.5
  t1_r1.625_s0_md33_sn0_lm17                   17   50.9     82     42     17.2       59.5
  t2_r1.5_s0_md33_sn0_lm17                     17   50.9     82     42     17.5       59.7
  t2_r1.75_s0_md33_sn0_lm19                    19   50.8     82     42     18.3       59.9
  t1_r1.75_s0_md33_sn0_lm19                    19   50.8     82     42     20.5       61.1
  t2_r1.125_s0_md33_sn0_lm19                   19   51.2     82     42     20.1       61.3
  t1_r1.25_s0_md33_sn0_lm19                    19   50.9     82     42     20.9       61.4
  t1_r1.375_s0_md33_sn0_lm19                   19   52.6    125    100     18.3       61.8
  t2_r1.125_s0_md33_sn0_lm17                   17   82.1   2049     20     16.6       90.4
  t2_r1.5_s0_md33_sn0_lm19                     19   82.2   2047     40     18.1       91.3

  Winner: t2_r1.375_s0_md33_sn0_lm19
    mean=50.8, max=82 at chord 42, spread=12.5, combined=57.0

==============================================================================
Chorale: bwv256  (suffix: -trans-sa-opt.npy, spread_weight: 0.5)
==============================================================================
  Directory                                    lm   Mean    Max  MaxCh   Spread   Combined
  ------------------------------------------   --  -----  -----  -----  -------  ---------
  t1_r1.625_s0_md33_sn0_lm19                   19   53.9    140    138     13.7       60.7 <-- BEST
  t1_r1.375_s0_md33_sn0_lm17                   17   54.1    140    138     13.7       60.9
  t2_r1.75_s0_md33_sn0_lm17                    17   53.9    140    138     15.1       61.4
  t2_r1.625_s0_md33_sn0_lm17                   17   53.9    140    138     15.7       61.7
  t1_r1.5_s0_md33_sn0_lm17                     17   54.7    140    138     14.7       62.0
  t2_r1.5_s0_md33_sn0_lm17                     17   54.1    140    138     16.2       62.2
  t1_r1.75_s0_md33_sn0_lm17                    17   54.1    140    138     16.5       62.3
  t2_r1.375_s0_md33_sn0_lm19                   19   53.9    140    138     17.0       62.4
  t1_r1.25_s0_md33_sn0_lm17                    17   54.1    140    138     16.6       62.4
  t1_r1.625_s0_md33_sn0_lm17                   17   54.1    140    138     17.4       62.8
  t2_r1.5_s0_md33_sn0_lm19                     19   54.1    140    138     17.4       62.8
  t1_r1.25_s0_md33_sn0_lm19                    19   53.9    140    138     18.2       63.0
  t2_r1.375_s0_md33_sn0_lm17                   17   53.9    140    138     18.2       63.0
  t1_r1.375_s0_md33_sn0_lm19                   19   54.1    140    138     18.0       63.1
  t1_r1.125_s0_md33_sn0_lm19                   19   54.9    140    138     16.4       63.1
  t2_r1.125_s0_md33_sn0_lm19                   19   54.8    140    138     16.7       63.2
  t2_r1.25_s0_md33_sn0_lm19                    19   54.9    140    138     17.3       63.6
  t2_r1.625_s0_md33_sn0_lm19                   19   54.7    140    138     18.0       63.7
  t2_r1.125_s0_md33_sn0_lm17                   17   54.2    140    138     19.6       64.0
  t2_r1.75_s0_md33_sn0_lm19                    19   54.1    140    138     20.6       64.4
  t1_r1.75_s0_md33_sn0_lm19                    19   54.1    140    138     20.8       64.5
  t2_r1.25_s0_md33_sn0_lm17                    17   55.2    140    138     18.9       64.6
  t1_r1.125_s0_md33_sn0_lm17                   17   53.9    140    138     22.1       64.9
  t1_r1.5_s0_md33_sn0_lm19                     19   54.1    140    138     21.7       64.9
  t2_r1.75_s0_md33_sn0_lm23                    23   75.9   2115    116     21.9       86.9

  Winner: t1_r1.625_s0_md33_sn0_lm19
    mean=53.9, max=140 at chord 138, spread=13.7, combined=60.7

==============================================================================
Chorale: bwv257  (suffix: -trans-sa-opt.npy, spread_weight: 0.5)
==============================================================================
  Directory                                    lm   Mean    Max  MaxCh   Spread   Combined
  ------------------------------------------   --  -----  -----  -----  -------  ---------
  t1_r1.375_s0_md33_sn0_lm17                   17   57.0    140    128     19.1       66.5 <-- BEST
  t1_r1.75_s0_md33_sn0_lm17                    17   57.9    140    128     19.0       67.4
  t1_r1.25_s0_md33_sn0_lm19                    19   57.5    140    128     20.2       67.6
  t1_r1.375_s0_md33_sn0_lm19                   19   57.5    140    128     20.8       67.9
  t1_r1.625_s0_md33_sn0_lm17                   17   57.5    140    128     21.2       68.0
  t1_r1.25_s0_md33_sn0_lm17                    17   57.5    140    128     21.3       68.1
  t1_r1.625_s0_md33_sn0_lm19                   19   57.8    140    128     21.1       68.3
  t1_r1.5_s0_md33_sn0_lm19                     19   58.3    140    128     20.2       68.4
  t1_r1.125_s0_md33_sn0_lm17                   17   57.8    140    128     22.3       68.9
  t1_r1.5_s0_md33_sn0_lm17                     17   57.5    140    128     23.8       69.4
  t1_r1.75_s0_md33_sn0_lm19                    19   58.6    145    128     24.4       70.8
  t1_r1.125_s0_md33_sn0_lm19                   19   70.5   1067     12     22.2       81.6
  t2_r1.5_s0_md33_sn0_lm17                     17   81.8   1123    128     21.4       92.4
  t2_r1.375_s0_md33_sn0_lm17                   17   81.8   1123    128     21.6       92.6
  t2_r1.25_s0_md33_sn0_lm17                    17   81.8   1123    128     22.2       92.9
  t2_r1.125_s0_md33_sn0_lm17                   17   82.0   1123    128     22.3       93.2
  t2_r1.625_s0_md33_sn0_lm19                   19   82.1   1123    128     23.1       93.6
  t2_r1.75_s0_md33_sn0_lm17                    17   81.9   1123    128     23.6       93.7
  t2_r1.5_s0_md33_sn0_lm19                     19   83.8   1123    128     21.0       94.3
  t2_r1.25_s0_md33_sn0_lm19                    19   84.6   1123    128     22.8       96.0
  t2_r1.75_s0_md33_sn0_lm23                    23   96.8   1123    128     17.7      105.7
  t2_r1.75_s0_md33_sn0_lm19                    19   95.3   1123    128     25.9      108.3
  t2_r1.625_s0_md33_sn0_lm17                   17  119.5   3113     10     25.3      132.2
  t2_r1.125_s0_md33_sn0_lm19                   19  132.1   4049     16     22.2      143.1
  t2_r1.375_s0_md33_sn0_lm19                   19  132.3   4047     96     24.1      144.4

  Winner: t1_r1.375_s0_md33_sn0_lm17
    mean=57.0, max=140 at chord 128, spread=19.1, combined=66.5

==============================================================================
Chorale: bwv258  (suffix: -trans-sa-opt.npy, spread_weight: 0.5)
==============================================================================
  Directory                                    lm   Mean    Max  MaxCh   Spread   Combined
  ------------------------------------------   --  -----  -----  -----  -------  ---------
  t1_r1.375_s0_md33_sn0_lm17                   17   57.8    140     80     16.7       66.1 <-- BEST
  t1_r1.125_s0_md33_sn0_lm19                   19   58.6    140     80     15.6       66.4
  t1_r1.25_s0_md33_sn0_lm17                    17   58.3    140     80     16.8       66.7
  t1_r1.75_s0_md33_sn0_lm17                    17   57.8    140     80     18.4       67.0
  t1_r1.75_s0_md33_sn0_lm19                    19   57.9    145     80     18.7       67.3
  t1_r1.125_s0_md33_sn0_lm17                   17   57.8    140     80     19.2       67.4
  t1_r1.25_s0_md33_sn0_lm19                    19   59.0    140     80     17.2       67.6
  t1_r1.5_s0_md33_sn0_lm19                     19   59.8    140     80     16.1       67.8
  t1_r1.5_s0_md33_sn0_lm17                     17   58.9    140     80     18.1       67.9
  t1_r1.625_s0_md33_sn0_lm17                   17   57.8    140     80     20.4       68.0
  t1_r1.375_s0_md33_sn0_lm19                   19   59.2    140     80     18.3       68.4
  t1_r1.625_s0_md33_sn0_lm19                   19   60.4    140     80     16.6       68.7
  t2_r1.25_s0_md33_sn0_lm19                    19   82.6   1123     80     18.7       91.9
  t2_r1.625_s0_md33_sn0_lm19                   19   82.6   1123     80     18.6       92.0
  t2_r1.75_s0_md33_sn0_lm17                    17   82.4   1123     80     19.5       92.1
  t2_r1.375_s0_md33_sn0_lm17                   17   83.1   1123     80     18.6       92.4
  t2_r1.75_s0_md33_sn0_lm19                    19   82.7   1123     80     19.5       92.5
  t2_r1.5_s0_md33_sn0_lm17                     17   82.9   1123     80     19.2       92.5
  t2_r1.5_s0_md33_sn0_lm19                     19   82.9   1123     80     19.9       92.8
  t2_r1.375_s0_md33_sn0_lm19                   19   82.6   1123     80     20.5       92.8
  t2_r1.625_s0_md33_sn0_lm17                   17   82.6   1123     80     20.9       93.1
  t2_r1.125_s0_md33_sn0_lm17                   17   82.6   1123     80     21.9       93.6
  t2_r1.75_s0_md33_sn0_lm23                    23   84.8   1135     88     20.0       94.8
  t2_r1.25_s0_md33_sn0_lm17                    17   84.5   1123     80     21.9       95.4
  t2_r1.125_s0_md33_sn0_lm19                   19  120.6   3090    102     19.9      130.6

  Winner: t1_r1.375_s0_md33_sn0_lm17
    mean=57.8, max=140 at chord 80, spread=16.7, combined=66.1

==============================================================================
Chorale: bwv259  (suffix: -trans-sa-opt.npy, spread_weight: 0.5)
==============================================================================
  Directory                                    lm   Mean    Max  MaxCh   Spread   Combined
  ------------------------------------------   --  -----  -----  -----  -------  ---------
  t2_r1.25_s0_md33_sn0_lm19                    19   53.4    104     74     11.0       58.9 <-- BEST
  t1_r1.625_s0_md33_sn0_lm19                   19   53.4    104     74     11.8       59.3
  t1_r1.75_s0_md33_sn0_lm17                    17   53.2    104     74     12.3       59.3
  t2_r1.75_s0_md33_sn0_lm17                    17   53.3    104     74     12.0       59.3
  t2_r1.125_s0_md33_sn0_lm19                   19   53.4    104     74     12.7       59.7
  t1_r1.375_s0_md33_sn0_lm17                   17   53.4    104     74     12.7       59.7
  t2_r1.5_s0_md33_sn0_lm19                     19   53.4    104     74     13.1       59.9
  t1_r1.75_s0_md33_sn0_lm19                    19   53.5    104     74     13.3       60.1
  t1_r1.125_s0_md33_sn0_lm19                   19   53.4    104     74     13.6       60.1
  t2_r1.125_s0_md33_sn0_lm17                   17   53.4    104     74     13.6       60.2
  t1_r1.375_s0_md33_sn0_lm19                   19   53.6    104     74     13.2       60.2
  t1_r1.625_s0_md33_sn0_lm17                   17   53.5    104     74     13.5       60.3
  t2_r1.375_s0_md33_sn0_lm17                   17   53.4    104     74     14.4       60.6
  t1_r1.25_s0_md33_sn0_lm19                    19   53.4    104     74     14.6       60.7
  t2_r1.25_s0_md33_sn0_lm17                    17   53.4    104     74     14.6       60.7
  t1_r1.5_s0_md33_sn0_lm17                     17   53.4    104     74     14.6       60.7
  t2_r1.5_s0_md33_sn0_lm17                     17   53.9    125    166     14.3       61.0
  t2_r1.625_s0_md33_sn0_lm19                   19   53.4    104     74     15.5       61.1
  t2_r1.375_s0_md33_sn0_lm19                   19   53.3    104     74     16.1       61.4
  t1_r1.5_s0_md33_sn0_lm19                     19   53.6    104     74     16.3       61.8
  t1_r1.25_s0_md33_sn0_lm17                    17   53.6    104     74     16.7       62.0
  t1_r1.125_s0_md33_sn0_lm17                   17   55.3    119    172     16.9       63.8
  t2_r1.625_s0_md33_sn0_lm17                   17   64.0   1060     72     16.8       72.4
  t2_r1.75_s0_md33_sn0_lm23                    23   72.6   1146     66     18.7       82.0
  t2_r1.75_s0_md33_sn0_lm19                    19   84.7   3045    148     16.8       93.1

  Winner: t2_r1.25_s0_md33_sn0_lm19
    mean=53.4, max=104 at chord 74, spread=11.0, combined=58.9

==============================================================================
Chorale: bwv260  (suffix: -trans-sa-opt.npy, spread_weight: 0.5)
==============================================================================
  Directory                                    lm   Mean    Max  MaxCh   Spread   Combined
  ------------------------------------------   --  -----  -----  -----  -------  ---------
  t2_r1.5_s0_md33_sn0_lm17                     17   52.3    105     72     10.5       57.5 <-- BEST
  t1_r1.125_s0_md33_sn0_lm17                   17   52.3    105     72     10.6       57.5
  t1_r1.125_s0_md33_sn0_lm19                   19   52.3    105     72     10.7       57.6
  t1_r1.75_s0_md33_sn0_lm17                    17   52.3    105     72     10.9       57.7
  t1_r1.625_s0_md33_sn0_lm17                   17   52.2    105     72     11.1       57.8
  t1_r1.5_s0_md33_sn0_lm17                     17   52.3    105     72     11.1       57.8
  t1_r1.25_s0_md33_sn0_lm17                    17   52.3    105     72     11.2       57.9
  t2_r1.625_s0_md33_sn0_lm17                   17   52.3    105     72     11.2       57.9
  t1_r1.625_s0_md33_sn0_lm19                   19   52.5    105     72     11.0       58.0
  t1_r1.375_s0_md33_sn0_lm19                   19   52.5    105     72     11.4       58.2
  t1_r1.375_s0_md33_sn0_lm17                   17   52.4    105     72     12.2       58.5
  t2_r1.125_s0_md33_sn0_lm17                   17   52.5    105     72     12.0       58.5
  t1_r1.5_s0_md33_sn0_lm19                     19   52.5    105     72     12.2       58.6
  t1_r1.25_s0_md33_sn0_lm19                    19   52.7    105     72     12.2       58.8
  t2_r1.75_s0_md33_sn0_lm17                    17   52.2    105     72     13.2       58.8
  t1_r1.75_s0_md33_sn0_lm19                    19   52.4    105     72     12.9       58.9
  t2_r1.625_s0_md33_sn0_lm19                   19   65.0   1110      2     10.5       70.2
  t2_r1.375_s0_md33_sn0_lm19                   19   65.2   1110      2     10.5       70.5
  t2_r1.25_s0_md33_sn0_lm19                    19   65.0   1110      2     13.0       71.5
  t2_r1.75_s0_md33_sn0_lm19                    19   77.5   2090     34     16.4       85.7
  t2_r1.75_s0_md33_sn0_lm23                    23   79.8   2119     18     19.7       89.6
  t2_r1.125_s0_md33_sn0_lm19                   19   77.8   2090     34     30.5       93.1
  t2_r1.375_s0_md33_sn0_lm17                   17   89.8   3079     34     10.8       95.2
  t2_r1.5_s0_md33_sn0_lm19                     19  102.5   4090     34     10.1      107.5
  t2_r1.25_s0_md33_sn0_lm17                    17  102.3   4047     32     11.6      108.1

  Winner: t2_r1.5_s0_md33_sn0_lm17
    mean=52.3, max=105 at chord 72, spread=10.5, combined=57.5

==============================================================================
Chorale: bwv261  (suffix: -trans-sa-opt.npy, spread_weight: 0.5)
==============================================================================
  Directory                                    lm   Mean    Max  MaxCh   Spread   Combined
  ------------------------------------------   --  -----  -----  -----  -------  ---------
  t1_r1.125_s0_md33_sn0_lm17                   17   56.3    140     72     17.2       64.9 <-- BEST
  t2_r1.125_s0_md33_sn0_lm17                   17   56.3    140     72     17.8       65.2
  t2_r1.25_s0_md33_sn0_lm17                    17   56.2    140     72     18.1       65.2
  t2_r1.375_s0_md33_sn0_lm17                   17   56.4    140     72     17.8       65.3
  t1_r1.375_s0_md33_sn0_lm17                   17   56.3    140     72     18.2       65.4
  t2_r1.75_s0_md33_sn0_lm17                    17   56.6    140     72     17.6       65.5
  t1_r1.625_s0_md33_sn0_lm19                   19   56.2    140     72     19.0       65.7
  t1_r1.125_s0_md33_sn0_lm19                   19   56.3    140     72     18.8       65.7
  t2_r1.5_s0_md33_sn0_lm17                     17   57.5    145     72     16.8       65.9
  t2_r1.25_s0_md33_sn0_lm19                    19   56.2    140     72     19.5       66.0
  t1_r1.25_s0_md33_sn0_lm19                    19   56.6    140     72     19.7       66.4
  t1_r1.75_s0_md33_sn0_lm17                    17   56.7    145     72     19.7       66.5
  t2_r1.75_s0_md33_sn0_lm19                    19   57.4    145     72     18.6       66.7
  t1_r1.625_s0_md33_sn0_lm17                   17   56.8    140     72     20.1       66.8
  t1_r1.25_s0_md33_sn0_lm17                    17   56.0    140     72     21.9       67.0
  t1_r1.5_s0_md33_sn0_lm19                     19   57.0    140     72     20.7       67.3
  t1_r1.375_s0_md33_sn0_lm19                   19   57.2    140     72     23.0       68.7
  t1_r1.75_s0_md33_sn0_lm19                    19   57.1    157     58     24.2       69.2
  t2_r1.625_s0_md33_sn0_lm17                   17   63.5   1087    192     17.3       72.1
  t1_r1.5_s0_md33_sn0_lm17                     17   70.9   2101    192     17.5       79.7
  t2_r1.375_s0_md33_sn0_lm19                   19   71.0   2176     72     17.5       79.8
  t2_r1.125_s0_md33_sn0_lm19                   19   77.9   3079    160     19.5       87.6
  t2_r1.625_s0_md33_sn0_lm19                   19   99.4   4089    192     18.5      108.7
  t2_r1.75_s0_md33_sn0_lm23                    23  110.5   2135     72     23.3      122.2
  t2_r1.5_s0_md33_sn0_lm19                     19  128.6   4089    192     22.9      140.1

  Winner: t1_r1.125_s0_md33_sn0_lm17
    mean=56.3, max=140 at chord 72, spread=17.2, combined=64.9

==============================================================================
Chorale: bwv262  (suffix: -trans-sa-opt.npy, spread_weight: 0.5)
==============================================================================
  Directory                                    lm   Mean    Max  MaxCh   Spread   Combined
  ------------------------------------------   --  -----  -----  -----  -------  ---------
  t1_r1.75_s0_md33_sn0_lm19                    19   47.6    113    183      8.0       51.6 <-- BEST
  t1_r1.625_s0_md33_sn0_lm17                   17   47.7    113     55      8.9       52.2
  t1_r1.5_s0_md33_sn0_lm17                     17   47.7    115     55      9.2       52.4
  t1_r1.375_s0_md33_sn0_lm19                   19   47.8    113     55      9.7       52.7
  t2_r1.625_s0_md33_sn0_lm17                   17   47.7    113     55     10.0       52.7
  t2_r1.25_s0_md33_sn0_lm17                    17   47.7    113     55     10.3       52.9
  t2_r1.375_s0_md33_sn0_lm17                   17   47.7    115    183     10.2       52.9
  t1_r1.375_s0_md33_sn0_lm17                   17   47.7    113     55     11.1       53.2
  t2_r1.125_s0_md33_sn0_lm19                   19   47.7    113     55     11.4       53.4
  t2_r1.125_s0_md33_sn0_lm17                   17   47.7    113     55     11.6       53.5
  t1_r1.125_s0_md33_sn0_lm19                   19   47.8    115     55     11.8       53.7
  t1_r1.25_s0_md33_sn0_lm19                    19   48.2    119    102     11.2       53.8
  t2_r1.625_s0_md33_sn0_lm19                   19   47.7    113     55     12.5       54.0
  t1_r1.75_s0_md33_sn0_lm17                    17   47.5     93     55     13.0       54.0
  t2_r1.5_s0_md33_sn0_lm17                     17   47.7    113     55     12.8       54.1
  t2_r1.75_s0_md33_sn0_lm17                    17   47.6    113     55     13.0       54.1
  t1_r1.125_s0_md33_sn0_lm17                   17   47.8    113     55     12.8       54.2
  t1_r1.5_s0_md33_sn0_lm19                     19   47.8    113     55     16.2       55.9
  t2_r1.25_s0_md33_sn0_lm19                    19   47.8    113     55     18.2       56.9
  t2_r1.375_s0_md33_sn0_lm19                   19   47.9    113     55     18.8       57.3
  t2_r1.5_s0_md33_sn0_lm19                     19   47.9    113     55     19.8       57.8
  t2_r1.75_s0_md33_sn0_lm19                    19   47.6    113     55     20.5       57.9
  t1_r1.25_s0_md33_sn0_lm17                    17   47.8    113     55     20.2       57.9
  t1_r1.625_s0_md33_sn0_lm19                   19   47.8    113     55     21.2       58.4
  t2_r1.75_s0_md33_sn0_lm23                    23  127.5   4043     20     13.4      134.2

  Winner: t1_r1.75_s0_md33_sn0_lm19
    mean=47.6, max=113 at chord 183, spread=8.0, combined=51.6

==============================================================================
Chorale: bwv263  (suffix: -trans-sa-opt.npy, spread_weight: 0.5)
==============================================================================
  Directory                                    lm   Mean    Max  MaxCh   Spread   Combined
  ------------------------------------------   --  -----  -----  -----  -------  ---------
  t1_r1.25_s0_md33_sn0_lm19                    19   49.9    140    104     11.5       55.7 <-- BEST
  t1_r1.625_s0_md33_sn0_lm17                   17   49.8    140    104     13.6       56.6
  t2_r1.75_s0_md33_sn0_lm19                    19   49.9    140    104     13.7       56.7
  t1_r1.25_s0_md33_sn0_lm17                    17   50.2    140    104     14.5       57.5
  t2_r1.125_s0_md33_sn0_lm19                   19   50.4    140    104     14.2       57.5
  t1_r1.125_s0_md33_sn0_lm17                   17   50.0    140    104     15.0       57.5
  t2_r1.625_s0_md33_sn0_lm17                   17   50.3    145    104     14.5       57.5
  t1_r1.125_s0_md33_sn0_lm19                   19   50.1    140    104     15.0       57.6
  t1_r1.375_s0_md33_sn0_lm19                   19   49.7    140    104     15.7       57.6
  t2_r1.75_s0_md33_sn0_lm17                    17   49.6    140    104     16.0       57.6
  t1_r1.5_s0_md33_sn0_lm19                     19   50.2    140    104     15.0       57.7
  t1_r1.375_s0_md33_sn0_lm17                   17   49.9    140    104     18.0       58.9
  t2_r1.375_s0_md33_sn0_lm17                   17   50.6    140    104     17.0       59.1
  t1_r1.75_s0_md33_sn0_lm19                    19   50.1    140    104     22.0       61.1
  t2_r1.25_s0_md33_sn0_lm19                    19   49.9    140    104     23.0       61.4
  t1_r1.75_s0_md33_sn0_lm17                    17   49.8    140    104     26.0       62.8
  t1_r1.625_s0_md33_sn0_lm19                   19   49.6    140    104     28.0       63.6
  t1_r1.5_s0_md33_sn0_lm17                     17   50.1    140    104     27.5       63.9
  t2_r1.75_s0_md33_sn0_lm23                    23   50.4    140    104     30.5       65.7
  t2_r1.125_s0_md33_sn0_lm17                   17   60.5   1110     42     12.9       67.0
  t2_r1.25_s0_md33_sn0_lm17                    17   60.6   1110     42     13.8       67.5
  t2_r1.5_s0_md33_sn0_lm17                     17   60.8   1110     42     14.8       68.2
  t2_r1.625_s0_md33_sn0_lm19                   19   60.3   1110     42     33.0       76.8
  t2_r1.5_s0_md33_sn0_lm19                     19   81.0   3043    148     28.0       95.0
  t2_r1.375_s0_md33_sn0_lm19                   19  133.0   3043     60     18.5      142.3

  Winner: t1_r1.25_s0_md33_sn0_lm19
    mean=49.9, max=140 at chord 104, spread=11.5, combined=55.7

==============================================================================
Chorale: bwv264  (suffix: -trans-sa-opt.npy, spread_weight: 0.5)
==============================================================================
  Directory                                    lm   Mean    Max  MaxCh   Spread   Combined
  ------------------------------------------   --  -----  -----  -----  -------  ---------
  t1_r1.625_s0_md33_sn0_lm17                   17   48.0    105    110      9.5       52.7 <-- BEST
  t2_r1.375_s0_md33_sn0_lm17                   17   48.2    111    110     10.6       53.5
  t1_r1.125_s0_md33_sn0_lm17                   17   48.0    105    110     11.2       53.6
  t2_r1.25_s0_md33_sn0_lm17                    17   48.2    104    110     10.8       53.6
  t1_r1.625_s0_md33_sn0_lm19                   19   48.1    108    110     11.0       53.6
  t1_r1.25_s0_md33_sn0_lm17                    17   48.3    150    110     10.7       53.6
  t2_r1.5_s0_md33_sn0_lm17                     17   48.2    104    110     11.0       53.7
  t2_r1.625_s0_md33_sn0_lm19                   19   48.2    140    110     10.9       53.7
  t1_r1.5_s0_md33_sn0_lm19                     19   48.4    130    110     11.2       54.0
  t1_r1.25_s0_md33_sn0_lm19                    19   48.6    130    110     10.8       54.0
  t2_r1.75_s0_md33_sn0_lm17                    17   48.0    105    110     12.2       54.1
  t1_r1.375_s0_md33_sn0_lm17                   17   48.5    119    111     11.5       54.3
  t2_r1.375_s0_md33_sn0_lm19                   19   48.3    124    110     12.2       54.4
  t1_r1.5_s0_md33_sn0_lm17                     17   48.2    148    110     12.8       54.6
  t1_r1.375_s0_md33_sn0_lm19                   19   48.2    108    110     13.0       54.7
  t1_r1.125_s0_md33_sn0_lm19                   19   48.9    148    110     12.2       55.0
  t1_r1.75_s0_md33_sn0_lm17                    17   48.2    111    110     14.2       55.3
  t2_r1.625_s0_md33_sn0_lm17                   17   49.2    130    110     15.0       56.7
  t1_r1.75_s0_md33_sn0_lm19                    19   48.2    111    110     17.9       57.2
  t2_r1.75_s0_md33_sn0_lm19                    19   54.9   1135    110     11.5       60.7
  t2_r1.125_s0_md33_sn0_lm19                   19   55.4   1143    110     10.6       60.7
  t2_r1.25_s0_md33_sn0_lm19                    19   61.7   2138    110     11.1       67.3
  t2_r1.75_s0_md33_sn0_lm23                    23   62.0   2121    103     14.3       69.2
  t2_r1.125_s0_md33_sn0_lm17                   17   68.3   3062    111     23.5       80.0
  t2_r1.5_s0_md33_sn0_lm19                     19  102.1   4045     12     10.4      107.3

  Winner: t1_r1.625_s0_md33_sn0_lm17
    mean=48.0, max=105 at chord 110, spread=9.5, combined=52.7

    grep -E "Chorale|BEST|Directory" grid-search-aggregation-log.txt
        Directory                                    lm   Mean    Max  MaxCh   Spread   Combined
        Chorale: bwv253 t1_r1.125_s0_md33_sn0_lm17   17   48.9     90    122     12.4       55.1 <-- BEST
        Chorale: bwv254 t1_r1.625_s0_md33_sn0_lm17   17   55.6    163    160     12.3       61.8 <-- BEST
        Chorale: bwv255 t2_r1.375_s0_md33_sn0_lm19   19   50.8     82     42     12.5       57.0 <-- BEST
        Chorale: bwv256 t1_r1.625_s0_md33_sn0_lm19   19   53.9    140    138     13.7       60.7 <-- BEST
        Chorale: bwv257 t1_r1.375_s0_md33_sn0_lm17   17   57.0    140    128     19.1       66.5 <-- BEST
        Chorale: bwv258 t1_r1.375_s0_md33_sn0_lm17   17   57.8    140     80     16.7       66.1 <-- BEST
        Chorale: bwv259 t2_r1.25_s0_md33_sn0_lm19    19   53.4    104     74     11.0       58.9 <-- BEST
        Chorale: bwv260 t2_r1.5_s0_md33_sn0_lm17     17   52.3    105     72     10.5       57.5 <-- BEST
        Chorale: bwv261 t1_r1.125_s0_md33_sn0_lm17   17   56.3    140     72     17.2       64.9 <-- BEST
        Chorale: bwv262 t1_r1.75_s0_md33_sn0_lm19    19   47.6    113    183      8.0       51.6 <-- BEST
        Chorale: bwv263 t1_r1.25_s0_md33_sn0_lm19    19   49.9    140    104     11.5       55.7 <-- BEST
        Chorale: bwv264 t1_r1.625_s0_md33_sn0_lm17   17   48.0    105    110      9.5       52.7 <-- BEST