  Chorale      Mean    Max  MaxCh    Top2dec   Spread   Combined fs6 combo Mean      
  ----------  -----  -----  -----   --------  -------  --------- -------- -----      
  bwv253       48.8     82    138   55   67     71.1       84.3    85.2    49.0  
  bwv254       54.7    140    158   67   70     68.0       88.7    95.4    54.1  
  bwv255       50.8     82     42   62   67     54.0       77.8    82.0    50.8  
  bwv256       54.1    140    138   67   71     77.7       93.0    94.4    53.4  
  bwv257       57.3    140    128   67   82     80.7       97.7    99.1    55.4  
  bwv258       57.8    140     80   67   75     73.0       94.3    96.4    57.2  
  bwv259       52.7    104     74   67   70     75.4       90.4    94.1    52.6  
  bwv260       52.0    105     72   64   70     74.9       89.4    92.3    51.6  
  bwv261       56.2    140     72   67   74     79.1       95.7    98.3    54.8  
  bwv262       47.2     93     55   62   67     74.4       84.4    91.0    46.7  
  bwv263       49.3    140    104   59   70     75.5       87.1    91.5    49.0  
  bwv264       48.2    104    110   47   64     71.1       83.7    84.4    47.9  


  Chorale      Mean    Max  MaxCh    Top2dec   Spread   Combined
  ----------  -----  -----  -----   --------  -------  ---------
  bwv253       49.0     93    126   55   67     72.4       85.2
  bwv254       54.1    140    158   67   70     82.5       95.4
  bwv255       50.8     82     42   62   67     62.3       82.0
  bwv256       53.4    140    138   67   70     82.0       94.4
  bwv257       55.4    140    128   67   70     87.3       99.1
  bwv258       57.2    140     80   67   70     78.5       96.4
  bwv259       52.6     85    172   67   70     83.0       94.1
  bwv260       51.6    104     72   64   70     81.4       92.3
  bwv261       54.8    140     72   67   74     87.2       98.3
  bwv262       46.7     88     55   59   67     88.6       91.0
  bwv263       49.0    140    104   60   70     85.1       91.5
  bwv264       47.9    104    110   47   64     73.1       84.4