section name: melody_part_melody_section.npy, note count: 526
hold_time values & counts: (array([  0.2525,   0.505 ,   0.7575,   1.01  ,   1.2625,   1.515 ,
         1.7675,   2.2725,   3.03  ,   3.2825,   3.535 ,   3.7875,
         4.04  ,   4.2925,   4.545 ,   4.7975,   5.05  ,   5.8075,
         6.06  ,   6.3125,   6.565 ,   6.8175,   7.07  ,   7.3225,
         7.575 ,   7.8275,   8.08  ,   8.3325,   8.585 ,   9.09  ,
         9.3425,   9.595 ,   9.8475,  10.1   ,  10.3525,  10.605 ,
        11.3625,  11.615 ,  11.8675,  12.12  ,  12.3725,  12.625 ,
        13.13  ,  13.3825,  13.8875,  14.14  ,  14.3925,  14.645 ,
        14.8975,  15.15  ,  15.4025,  15.655 ,  15.9075,  16.16  ,
        16.665 ,  17.4225,  18.18  ,  18.4325,  18.685 ,  19.695 ,
        19.9475,  20.2   ,  20.4525,  20.705 ,  20.9575,  21.715 ,
        21.9675,  22.22  ,  22.4725,  23.735 ,  23.9875,  24.4925,
        24.9975,  25.755 ,  26.0075,  26.26  ,  26.5125,  26.765 ,
        27.0175,  28.0275,  28.28  ,  29.795 ,  30.0475,  30.3   ,
        32.0675,  32.825 ,  33.33  ,  33.835 ,  34.34  ,  34.5925,
        34.845 ,  35.0975,  35.35  ,  35.855 ,  36.865 ,  37.1175,
        37.37  ,  38.6325,  40.4   ,  41.1575,  41.6625,  42.6725,
        43.6825,  44.44  ,  45.7025,  46.965 ,  48.7325,  49.7425,
        49.995 ,  51.005 ,  51.51  ,  51.7625,  52.015 ,  66.155 ,
        73.4775,  82.315 , 124.9875]), array([ 6,  9,  3, 33,  4,  2,  3,  2,  1,  1,  2,  1,  3,  2,  1,  2,  1,
        2,  3,  6,  4,  7,  3,  3,  8,  9,  1, 16,  4,  2,  3,  2,  2,  3,
        1,  1,  2,  1,  3,  2,  1,  2, 24,  5,  1, 76,  5,  2,  8,  6,  2,
        1,  3, 26, 17,  2,  1,  1,  1,  1,  1,  1,  1,  2,  2,  3,  1,  5,
        6,  2,  1,  1,  9,  1,  1,  1,  1,  1,  1,  8,  1,  8,  1,  7,  1,
        1,  2,  1,  1,  1,  1,  1,  3, 16,  4,  4,  1,  1,  1,  1,  5,  1,
        2,  4,  1,  1,  1,  1,  3,  1,  4,  4, 31,  6,  2,  2,  2]))
average: 20.12, std: 17.34, min: 0.25, max: 124.99

section name: winds_part_wood_winds.npy, note count: 600
hold_time values & counts: (array([ 0.2525,  0.505 ,  0.7575,  1.01  ,  1.2625,  1.515 ,  1.7675,
        2.02  ,  2.2725,  2.525 ,  2.7775,  3.03  ,  3.2825,  3.535 ,
        3.7875,  4.04  ,  4.2925,  4.545 ,  4.7975,  5.05  ,  5.3025,
        5.555 ,  5.8075,  6.06  ,  6.3125,  6.565 ,  7.07  ,  7.3225,
        7.575 ,  7.8275,  8.08  ,  8.3325,  8.585 ,  8.8375,  9.09  ,
        9.3425,  9.595 ,  9.8475, 10.1   , 10.3525, 10.605 , 10.8575,
       11.11  , 11.3625, 11.615 , 11.8675, 12.12  , 12.3725, 12.625 ,
       12.8775, 13.13  , 13.3825, 13.635 , 13.8875, 14.14  , 14.3925,
       14.645 , 14.8975, 15.15  , 15.4025, 15.655 , 15.9075, 16.16  ,
       16.4125, 16.665 , 17.17  , 17.4225, 17.675 , 18.18  , 18.4325,
       18.685 , 18.9375, 19.4425, 19.695 , 19.9475, 20.2   , 20.4525,
       20.705 , 20.9575, 21.4625, 21.715 , 21.9675, 22.22  , 22.4725,
       22.725 , 23.4825, 23.735 , 24.4925, 24.745 , 24.9975, 25.5025,
       25.755 , 26.26  , 26.5125, 26.765 , 27.0175, 27.27  , 27.775 ,
       28.28  , 28.785 , 29.0375, 29.29  , 29.795 , 30.0475, 30.3   ,
       31.0575, 31.31  , 32.0675, 32.825 , 33.0775, 33.33  , 34.0875,
       34.34  , 34.5925, 34.845 , 35.0975, 35.35  , 35.6025, 35.855 ,
       36.36  , 36.6125, 37.1175, 37.37  , 38.38  , 38.6325, 39.39  ,
       39.6425, 40.4   , 41.1575, 41.41  , 41.6625, 42.1675, 42.6725,
       42.925 , 43.1775, 43.43  , 43.6825, 43.935 , 44.945 , 45.1975,
       45.955 , 46.7125, 46.965 , 48.7325, 49.995 , 50.5   , 51.005 ,
       51.2575, 51.7625, 52.015 , 53.53  , 57.8225, 58.3275, 65.145 ,
       66.155 , 73.4775]), array([ 8,  4,  7, 29,  3,  3,  5,  4,  3,  4,  3,  2,  3,  1,  1,  3,  3,
        2,  1,  4,  4,  2,  2,  2,  6,  8, 14,  1,  8,  4,  2, 27,  7,  5,
        4,  2,  3,  4,  3,  4,  2,  2,  4,  1,  4,  1,  1,  3,  2,  2, 20,
        6,  3,  1, 70,  5,  3, 10,  1,  3,  2,  4, 19,  3, 22,  3,  2,  2,
        2,  2,  3,  1,  2,  1,  1,  1,  2,  2,  1,  1,  2,  2,  6,  6,  1,
        1,  4,  1,  3, 13,  1,  2,  2,  2,  1,  3,  2,  1,  2,  1,  1,  1,
        5,  1,  2,  1,  1,  1,  2,  2, 10,  2,  1,  2,  1,  2,  2,  2, 21,
        2,  2,  3,  1,  1,  1,  1,  1,  1,  1,  1,  3,  1,  2,  1,  1,  1,
        1,  1,  1,  1,  1,  1,  1,  1,  3,  1,  2,  1,  4,  4,  1,  1,  4,
        1,  4,  1]))
average: 17.64, std: 13.86, min: 0.25, max: 73.48

section name: winds_part_brass_section.npy, note count: 580
hold_time values & counts: (array([ 0.2525,  0.505 ,  0.7575,  1.01  ,  1.2625,  1.515 ,  1.7675,
        2.02  ,  2.2725,  2.525 ,  3.03  ,  3.2825,  3.535 ,  3.7875,
        4.04  ,  4.2925,  4.545 ,  4.7975,  5.05  ,  5.3025,  5.8075,
        6.06  ,  6.3125,  6.565 ,  6.8175,  7.07  ,  7.3225,  7.575 ,
        7.8275,  8.08  ,  8.3325,  8.585 ,  8.8375,  9.09  ,  9.3425,
        9.8475, 10.1   , 10.3525, 10.605 , 10.8575, 11.3625, 11.615 ,
       11.8675, 12.12  , 12.3725, 12.625 , 12.8775, 13.13  , 13.3825,
       13.635 , 13.8875, 14.14  , 14.3925, 14.645 , 14.8975, 15.15  ,
       15.4025, 15.655 , 15.9075, 16.16  , 16.4125, 16.665 , 17.17  ,
       17.4225, 17.675 , 18.4325, 18.685 , 19.4425, 19.695 , 19.9475,
       20.2   , 20.4525, 20.9575, 21.4625, 21.715 , 22.22  , 22.4725,
       22.725 , 23.4825, 23.735 , 23.9875, 24.9975, 26.0075, 26.765 ,
       27.0175, 27.775 , 28.28  , 28.5325, 28.785 , 29.0375, 29.795 ,
       30.3   , 30.5525, 30.805 , 31.5625, 31.815 , 32.0675, 33.33  ,
       34.34  , 34.5925, 34.845 , 35.35  , 35.855 , 36.6125, 37.37  ,
       38.1275, 38.885 , 39.1375, 40.4   , 41.6625, 42.1675, 42.42  ,
       43.1775, 43.6825, 44.44  , 45.1975, 45.7025, 45.955 , 46.46  ,
       47.2175, 47.47  , 47.7225, 48.48  , 49.995 , 50.5   , 51.005 ,
       51.51  , 51.7625, 52.015 , 53.53  , 54.035 , 54.2875, 54.7925,
       55.8025, 56.8125, 57.8225, 58.3275, 59.3375, 62.3675, 62.62  ,
       64.135 , 65.145 , 65.3975, 66.155 , 70.7   ]), array([ 8, 14,  4, 30,  4,  2,  3,  4,  1,  2,  7,  4,  4,  2,  3,  4,  2,
        2,  5,  6,  2,  1,  8,  5,  7,  4,  1,  8, 12,  1, 34,  5,  4,  6,
        1,  2,  3,  3,  1,  2,  4,  3,  5,  3,  2,  3,  3, 18,  2,  3,  1,
       75,  3,  1,  6,  1,  3,  3,  3, 21,  1, 18,  1,  1,  1,  2,  2,  1,
        3,  1,  2,  2,  1,  1,  2,  1,  1,  1,  1,  1,  3, 13,  3,  1,  2,
        1,  1,  1,  1,  1,  1,  5,  1,  1,  1,  1,  1,  8,  2,  1,  1,  3,
       13,  2,  1,  1,  1,  1,  2,  4,  1,  1,  2,  1,  4,  1,  1,  1,  2,
        1,  1,  1,  1,  5,  1,  1,  3,  1, 26,  1,  1,  1,  1,  1,  2,  1,
        3,  1,  1,  1,  1,  1,  1,  1,  1]))
average: 18.25, std: 15.98, min: 0.25, max: 70.7