
==============================================================================
Chorale: bwv253  (suffix: -trans-sa-opt.npy, spread_weight: 0.5)
==============================================================================
  Directory                                    lm   Mean    Max  MaxCh   Spread   Combined
  ------------------------------------------   --  -----  -----  -----  -------  ---------
  t2_r1.125_lm17_tmp3.0                        17   48.9     90    122     12.4       55.1 <-- BEST
  t2_r1.5_lm17_tmp3.0                          17   48.9     90    122     12.4       55.1
  t3_r1.75_lm17_tmp3.0                         17   49.0     90    122     12.4       55.2
  t1_r1.125_lm17_tmp3.0                        17   49.1     93    126     12.4       55.3
  t1_r1.125_lm19_tmp3.0                        19   49.1     93    126     12.4       55.3
  t1_r1.25_lm17_tmp3.0                         17   49.1     93    126     12.4       55.3
  t1_r1.25_lm19_tmp3.0                         19   49.1     93    126     12.4       55.3
  t1_r1.5_lm17_tmp3.0                          17   49.1     93    126     12.4       55.3
  t1_r1.5_lm19_tmp3.0                          19   49.1     93    126     12.4       55.3
  t1_r1.75_lm17_tmp3.0                         17   49.1     93    126     12.4       55.3
  t2_r1.125_lm19_tmp3.0                        19   49.1     93    126     12.4       55.3
  t2_r1.25_lm17_tmp3.0                         17   49.1     93    126     12.4       55.3
  t2_r1.25_lm19_tmp3.0                         19   49.1     93    126     12.4       55.3
  t2_r1.5_lm19_tmp3.0                          19   49.1     93    126     12.4       55.3
  t2_r1.75_lm17_tmp3.0                         17   49.1     93    126     12.4       55.3
  t2_r1.75_lm19_tmp3.0                         19   49.1     93    126     12.4       55.3
  t3_r1.25_lm17_tmp3.0                         17   49.1     93    126     12.4       55.3
  t3_r1.5_lm19_tmp3.0                          19   49.1     93    126     12.4       55.3
  t3_r1.75_lm19_tmp3.0                         19   49.1     93    126     12.4       55.3
  t1_r1.75_lm19_tmp3.0                         19   49.1     93    126     12.4       55.4
  t3_r1.125_lm17_tmp3.0                        17   49.1     93    126     12.4       55.4
  t3_r1.25_lm19_tmp3.0                         19   49.2     93    126     12.4       55.4
  t3_r1.125_lm19_tmp3.0                        19   49.2     93    126     12.4       55.4
  t3_r1.5_lm17_tmp3.0                          17   49.1     93    126     15.2       56.7

  Winner: t2_r1.125_lm17_tmp3.0
    mean=48.9, max=90 at chord 122, spread=12.4, combined=55.1

==============================================================================
Chorale: bwv254  (suffix: -trans-sa-opt.npy, spread_weight: 0.5)
==============================================================================
  Directory                                    lm   Mean    Max  MaxCh   Spread   Combined
  ------------------------------------------   --  -----  -----  -----  -------  ---------
  t2_r1.125_lm17_tmp3.0                        17   54.5    123    158     11.9       60.5 <-- BEST
  t2_r1.25_lm17_tmp3.0                         17   54.5    123    158     12.3       60.7
  t2_r1.75_lm17_tmp3.0                         17   54.5    123    158     12.4       60.7
  t3_r1.75_lm17_tmp3.0                         17   54.1     82      6     13.3       60.8
  t1_r1.25_lm17_tmp3.0                         17   54.8    145    158     12.3       61.0
  t2_r1.5_lm17_tmp3.0                          17   54.8    123    158     12.4       61.0
  t3_r1.75_lm19_tmp3.0                         19   54.1     82      6     14.1       61.2
  t1_r1.25_lm19_tmp3.0                         19   55.0    145    158     12.4       61.2
  t3_r1.125_lm17_tmp3.0                        17   54.4     82      6     13.7       61.3
  t3_r1.25_lm17_tmp3.0                         17   54.9    119    148     13.6       61.7
  t2_r1.125_lm19_tmp3.0                        19   55.1    123    158     13.4       61.8
  t1_r1.125_lm19_tmp3.0                        19   55.0    145    158     14.1       62.0
  t1_r1.125_lm17_tmp3.0                        17   54.7    140    158     14.9       62.1
  t3_r1.25_lm19_tmp3.0                         19   54.5    100     28     15.2       62.2
  t1_r1.5_lm19_tmp3.0                          19   55.9    145    158     13.3       62.6
  t3_r1.125_lm19_tmp3.0                        19   55.5    119    148     14.4       62.6
  t2_r1.5_lm19_tmp3.0                          19   55.5    123    158     14.6       62.8
  t1_r1.75_lm17_tmp3.0                         17   56.3    151    148     13.3       63.0
  t2_r1.75_lm19_tmp3.0                         19   56.0    123    158     14.1       63.1
  t1_r1.75_lm19_tmp3.0                         19   55.5    146    160     15.3       63.1
  t3_r1.5_lm17_tmp3.0                          17   54.1     82      6     18.4       63.3
  t3_r1.5_lm19_tmp3.0                          19   54.4     82      6     18.8       63.8
  t2_r1.25_lm19_tmp3.0                         19   56.4    146    160     15.2       63.9
  t1_r1.5_lm17_tmp3.0                          17   67.3   1135    160     11.9       73.3

  Winner: t2_r1.125_lm17_tmp3.0
    mean=54.5, max=123 at chord 158, spread=11.9, combined=60.5

==============================================================================
Chorale: bwv255  (suffix: -trans-sa-opt.npy, spread_weight: 0.5)
==============================================================================
  Directory                                    lm   Mean    Max  MaxCh   Spread   Combined
  ------------------------------------------   --  -----  -----  -----  -------  ---------
  t3_r1.125_lm19_tmp3.0                        19   50.9     82     42     13.1       57.5 <-- BEST
  t3_r1.75_lm19_tmp3.0                         19   50.9     82     42     13.4       57.6
  t2_r1.75_lm19_tmp3.0                         19   50.9     82     42     14.4       58.1
  t1_r1.25_lm19_tmp3.0                         19   50.9     82     42     14.5       58.2
  t2_r1.5_lm19_tmp3.0                          19   50.9     82     42     14.5       58.2
  t3_r1.25_lm17_tmp3.0                         17   50.9     82     42     14.7       58.3
  t1_r1.75_lm19_tmp3.0                         19   50.9     82     42     14.9       58.4
  t2_r1.75_lm17_tmp3.0                         17   50.9     82     42     15.0       58.4
  t2_r1.25_lm17_tmp3.0                         17   50.9     82     42     15.9       58.9
  t2_r1.125_lm19_tmp3.0                        19   50.9     82     42     15.9       58.9
  t1_r1.5_lm19_tmp3.0                          19   50.9     82     42     16.1       59.0
  t2_r1.25_lm19_tmp3.0                         19   50.9     82     42     16.2       59.0
  t1_r1.25_lm17_tmp3.0                         17   50.9     82     42     16.3       59.1
  t1_r1.125_lm17_tmp3.0                        17   50.9     82     42     16.4       59.1
  t3_r1.75_lm17_tmp3.0                         17   50.9     82     42     16.8       59.3
  t2_r1.125_lm17_tmp3.0                        17   51.2     82     42     16.7       59.6
  t1_r1.125_lm19_tmp3.0                        19   50.9     82     42     17.6       59.7
  t3_r1.25_lm19_tmp3.0                         19   50.9     82     42     18.1       60.0
  t3_r1.5_lm19_tmp3.0                          19   51.2     82     42     17.7       60.1
  t1_r1.5_lm17_tmp3.0                          17   50.9     82     42     18.5       60.2
  t2_r1.5_lm17_tmp3.0                          17   50.9     82     42     18.6       60.2
  t1_r1.75_lm17_tmp3.0                         17   50.9     82     42     19.6       60.7
  t3_r1.125_lm17_tmp3.0                        17   50.9     82     42     20.0       60.9
  t3_r1.5_lm17_tmp3.0                          17   51.7     96    100     22.0       62.7

  Winner: t3_r1.125_lm19_tmp3.0
    mean=50.9, max=82 at chord 42, spread=13.1, combined=57.5

==============================================================================
Chorale: bwv256  (suffix: -trans-sa-opt.npy, spread_weight: 0.5)
==============================================================================
  Directory                                    lm   Mean    Max  MaxCh   Spread   Combined
  ------------------------------------------   --  -----  -----  -----  -------  ---------
  t1_r1.75_lm19_tmp3.0                         19   54.1    140    138     15.1       61.6 <-- BEST
  t3_r1.75_lm19_tmp3.0                         19   53.5     95    138     16.3       61.7
  t3_r1.125_lm19_tmp3.0                        19   53.5     95    138     16.3       61.7
  t3_r1.75_lm17_tmp3.0                         17   53.5     95    138     16.6       61.9
  t2_r1.75_lm19_tmp3.0                         19   54.1    140    138     15.8       62.0
  t2_r1.5_lm19_tmp3.0                          19   54.1    140    138     16.2       62.2
  t2_r1.125_lm19_tmp3.0                        19   54.1    140    138     16.7       62.4
  t3_r1.125_lm17_tmp3.0                        17   53.5     95    138     18.0       62.5
  t1_r1.25_lm17_tmp3.0                         17   54.1    140    138     16.9       62.5
  t2_r1.5_lm17_tmp3.0                          17   54.1    140    138     17.5       62.8
  t3_r1.5_lm19_tmp3.0                          19   53.5     95    138     18.6       62.8
  t1_r1.5_lm17_tmp3.0                          17   54.1    140    138     17.5       62.9
  t3_r1.25_lm17_tmp3.0                         17   54.7    103     42     16.5       62.9
  t2_r1.75_lm17_tmp3.0                         17   54.1    140    138     18.1       63.2
  t1_r1.125_lm19_tmp3.0                        19   54.1    140    138     18.2       63.2
  t2_r1.125_lm17_tmp3.0                        17   54.9    140    138     16.9       63.4
  t1_r1.75_lm17_tmp3.0                         17   54.1    140    138     18.5       63.4
  t2_r1.25_lm17_tmp3.0                         17   54.1    140    138     18.6       63.4
  t3_r1.25_lm19_tmp3.0                         19   53.5     95    138     19.8       63.4
  t1_r1.125_lm17_tmp3.0                        17   55.4    140    138     17.0       63.9
  t2_r1.25_lm19_tmp3.0                         19   55.4    140    138     17.8       64.3
  t1_r1.5_lm19_tmp3.0                          19   54.7    140    138     19.4       64.4
  t1_r1.25_lm19_tmp3.0                         19   54.1    140    138     21.4       64.8
  t3_r1.5_lm17_tmp3.0                          17   54.9    113     74     25.5       67.7

  Winner: t1_r1.75_lm19_tmp3.0
    mean=54.1, max=140 at chord 138, spread=15.1, combined=61.6

==============================================================================
Chorale: bwv257  (suffix: -trans-sa-opt.npy, spread_weight: 0.5)
==============================================================================
  Directory                                    lm   Mean    Max  MaxCh   Spread   Combined
  ------------------------------------------   --  -----  -----  -----  -------  ---------
  t3_r1.75_lm17_tmp3.0                         17   55.9    120     10     19.9       65.9 <-- BEST
  t3_r1.125_lm19_tmp3.0                        19   55.9    120     10     21.0       66.4
  t3_r1.25_lm17_tmp3.0                         17   55.8    112     10     21.5       66.6
  t3_r1.125_lm17_tmp3.0                        17   55.9    120     10     22.1       67.0
  t3_r1.75_lm19_tmp3.0                         19   55.9    120     10     22.4       67.1
  t3_r1.5_lm19_tmp3.0                          19   56.8    120     10     21.2       67.4
  t3_r1.25_lm19_tmp3.0                         19   56.2    120     10     23.5       67.9
  t2_r1.75_lm17_tmp3.0                         17   57.4    123    128     21.8       68.3
  t1_r1.5_lm17_tmp3.0                          17   57.8    140    128     21.3       68.4
  t2_r1.25_lm17_tmp3.0                         17   57.4    123    128     22.1       68.4
  t1_r1.5_lm19_tmp3.0                          19   58.8    140    128     19.6       68.6
  t3_r1.5_lm17_tmp3.0                          17   56.0    120     10     25.4       68.7
  t1_r1.75_lm19_tmp3.0                         19   57.8    140    128     22.3       68.9
  t1_r1.75_lm17_tmp3.0                         17   57.8    140    128     22.4       69.0
  t2_r1.5_lm17_tmp3.0                          17   57.4    123    128     23.4       69.1
  t2_r1.5_lm19_tmp3.0                          19   57.3    123    128     23.6       69.1
  t2_r1.125_lm19_tmp3.0                        19   57.4    123    128     23.5       69.1
  t1_r1.25_lm19_tmp3.0                         19   59.4    140    128     19.6       69.2
  t2_r1.75_lm19_tmp3.0                         19   57.4    123    128     23.9       69.3
  t2_r1.125_lm17_tmp3.0                        17   57.8    123    128     23.2       69.4
  t1_r1.25_lm17_tmp3.0                         17   58.2    140    128     22.4       69.5
  t2_r1.25_lm19_tmp3.0                         19   58.0    123    128     23.0       69.5
  t1_r1.125_lm17_tmp3.0                        17   57.8    140    128     24.0       69.8
  t1_r1.125_lm19_tmp3.0                        19   59.6    140    128     21.7       70.4

  Winner: t3_r1.75_lm17_tmp3.0
    mean=55.9, max=120 at chord 10, spread=19.9, combined=65.9

==============================================================================
Chorale: bwv258  (suffix: -trans-sa-opt.npy, spread_weight: 0.5)
==============================================================================
  Directory                                    lm   Mean    Max  MaxCh   Spread   Combined
  ------------------------------------------   --  -----  -----  -----  -------  ---------
  t3_r1.125_lm17_tmp3.0                        17   56.0     95     80     14.4       63.3 <-- BEST
  t3_r1.125_lm19_tmp3.0                        19   56.4     95     80     14.6       63.7
  t3_r1.25_lm19_tmp3.0                         19   56.6    103     42     14.2       63.7
  t3_r1.75_lm17_tmp3.0                         17   57.2    123     80     18.6       66.5
  t1_r1.5_lm19_tmp3.0                          19   58.0    140     80     17.2       66.6
  t1_r1.25_lm17_tmp3.0                         17   58.3    140     80     17.0       66.8
  t1_r1.5_lm17_tmp3.0                          17   58.5    140     80     17.4       67.2
  t2_r1.75_lm19_tmp3.0                         19   57.9    140     88     19.0       67.3
  t1_r1.75_lm17_tmp3.0                         17   58.3    140     80     18.2       67.4
  t1_r1.75_lm19_tmp3.0                         19   58.3    140     80     18.2       67.4
  t1_r1.25_lm19_tmp3.0                         19   58.0    140     80     19.1       67.6
  t2_r1.125_lm19_tmp3.0                        19   57.6    140     88     20.1       67.7
  t2_r1.25_lm17_tmp3.0                         17   57.6    140     88     20.5       67.9
  t2_r1.25_lm19_tmp3.0                         19   57.9    140     88     20.1       67.9
  t1_r1.125_lm17_tmp3.0                        17   58.3    140     80     19.8       68.2
  t2_r1.5_lm17_tmp3.0                          17   57.9    140     88     21.6       68.7
  t2_r1.125_lm17_tmp3.0                        17   58.9    140     88     20.2       69.0
  t3_r1.75_lm19_tmp3.0                         19   58.5    123     80     21.0       69.0
  t2_r1.75_lm17_tmp3.0                         17   60.4    140     88     17.5       69.1
  t3_r1.5_lm17_tmp3.0                          17   56.5    123     80     25.4       69.2
  t2_r1.5_lm19_tmp3.0                          19   59.9    140     88     20.7       70.2
  t1_r1.125_lm19_tmp3.0                        19   59.5    140     80     22.1       70.5
  t3_r1.5_lm19_tmp3.0                          19  133.4   3163     80     16.3      141.6
  t3_r1.25_lm17_tmp3.0                         17  132.3   3104     80     22.0      143.3

  Winner: t3_r1.125_lm17_tmp3.0
    mean=56.0, max=95 at chord 80, spread=14.4, combined=63.3

==============================================================================
Chorale: bwv259  (suffix: -trans-sa-opt.npy, spread_weight: 0.5)
==============================================================================
  Directory                                    lm   Mean    Max  MaxCh   Spread   Combined
  ------------------------------------------   --  -----  -----  -----  -------  ---------
  t1_r1.75_lm17_tmp3.0                         17   53.4    104     74     11.9       59.3 <-- BEST
  t1_r1.25_lm17_tmp3.0                         17   53.4    104     74     13.0       59.9
  t3_r1.125_lm19_tmp3.0                        19   53.3    100     74     13.0       59.9
  t3_r1.5_lm19_tmp3.0                          19   53.3    100     74     13.1       59.9
  t2_r1.25_lm19_tmp3.0                         19   53.4    104     74     13.1       59.9
  t1_r1.75_lm19_tmp3.0                         19   53.4    104     74     13.1       59.9
  t2_r1.75_lm19_tmp3.0                         19   53.4    104     74     13.2       60.0
  t2_r1.75_lm17_tmp3.0                         17   53.3    104     74     13.5       60.0
  t1_r1.5_lm17_tmp3.0                          17   53.4    104     74     13.3       60.0
  t3_r1.75_lm17_tmp3.0                         17   53.3    100     74     13.5       60.1
  t2_r1.25_lm17_tmp3.0                         17   53.3    104     74     13.8       60.2
  t1_r1.125_lm17_tmp3.0                        17   53.4    104     74     13.6       60.2
  t3_r1.75_lm19_tmp3.0                         19   53.3    100     74     13.7       60.2
  t3_r1.25_lm19_tmp3.0                         19   53.4    104     74     13.7       60.2
  t2_r1.125_lm19_tmp3.0                        19   53.4    104     74     14.1       60.5
  t2_r1.5_lm17_tmp3.0                          17   53.4    104     74     14.7       60.7
  t1_r1.25_lm19_tmp3.0                         19   53.4    104     74     14.7       60.7
  t2_r1.125_lm17_tmp3.0                        17   54.1    135    172     13.4       60.8
  t2_r1.5_lm19_tmp3.0                          19   53.4    104     74     15.0       60.9
  t1_r1.5_lm19_tmp3.0                          19   53.4    104     74     15.3       61.0
  t1_r1.125_lm19_tmp3.0                        19   53.4    104     74     16.2       61.5
  t3_r1.25_lm17_tmp3.0                         17   53.6    100     74     15.9       61.5
  t3_r1.5_lm17_tmp3.0                          17   53.6    100     74     17.1       62.1
  t3_r1.125_lm17_tmp3.0                        17   54.5    124    160     15.9       62.5

  Winner: t1_r1.75_lm17_tmp3.0
    mean=53.4, max=104 at chord 74, spread=11.9, combined=59.3

==============================================================================
Chorale: bwv260  (suffix: -trans-sa-opt.npy, spread_weight: 0.5)
==============================================================================
  Directory                                    lm   Mean    Max  MaxCh   Spread   Combined
  ------------------------------------------   --  -----  -----  -----  -------  ---------
  t1_r1.125_lm19_tmp3.0                        19   52.6    105     72     10.3       57.7 <-- BEST
  t3_r1.125_lm19_tmp3.0                        19   52.7    110     72     10.1       57.8
  t3_r1.25_lm17_tmp3.0                         17   52.7    109      2     10.3       57.9
  t1_r1.25_lm19_tmp3.0                         19   53.0    129      2     10.1       58.1
  t3_r1.75_lm19_tmp3.0                         19   52.4    110     72     11.5       58.1
  t2_r1.25_lm17_tmp3.0                         17   53.1    129      2     10.4       58.3
  t1_r1.25_lm17_tmp3.0                         17   53.0    129      2     11.5       58.8
  t3_r1.75_lm17_tmp3.0                         17   52.4    105     72     13.1       58.9
  t2_r1.25_lm19_tmp3.0                         19   52.9    117     72     12.1       59.0
  t2_r1.5_lm19_tmp3.0                          19   52.7    117     72     13.0       59.2
  t2_r1.75_lm19_tmp3.0                         19   52.9    117     72     12.6       59.2
  t2_r1.125_lm17_tmp3.0                        17   52.6    111     72     13.2       59.3
  t3_r1.125_lm17_tmp3.0                        17   52.8    111     72     13.0       59.3
  t3_r1.25_lm19_tmp3.0                         19   52.8    110     72     13.2       59.4
  t2_r1.125_lm19_tmp3.0                        19   52.7    117     72     14.0       59.7
  t1_r1.75_lm17_tmp3.0                         17   52.6    111     72     14.2       59.8
  t2_r1.75_lm17_tmp3.0                         17   52.6    111     72     14.8       59.9
  t3_r1.5_lm19_tmp3.0                          19   52.8    110     72     14.5       60.0
  t1_r1.75_lm19_tmp3.0                         19   53.4    160      2     13.8       60.3
  t1_r1.125_lm17_tmp3.0                        17   52.3    111     72     16.2       60.5
  t2_r1.5_lm17_tmp3.0                          17   53.0    129      2     15.0       60.5
  t1_r1.5_lm17_tmp3.0                          17   53.0    147     72     18.0       62.0
  t3_r1.5_lm17_tmp3.0                          17   54.6    129    102     15.0       62.1
  t1_r1.5_lm19_tmp3.0                          19   53.5    163     72     27.2       67.2

  Winner: t1_r1.125_lm19_tmp3.0
    mean=52.6, max=105 at chord 72, spread=10.3, combined=57.7

==============================================================================
Chorale: bwv261  (suffix: -trans-sa-opt.npy, spread_weight: 0.5)
==============================================================================
  Directory                                    lm   Mean    Max  MaxCh   Spread   Combined
  ------------------------------------------   --  -----  -----  -----  -------  ---------
  t3_r1.5_lm19_tmp3.0                          19   56.5    101    192     16.9       64.9 <-- BEST
  t1_r1.75_lm17_tmp3.5                         17   56.9    140     72     16.5       65.1
  t3_r1.125_lm19_tmp3.0                        19   56.5    101    192     17.7       65.3
  t2_r1.25_lm17_tmp3.0                         17   56.5    140     72     17.7       65.4
  t1_r1.25_lm17_tmp3.0                         17   57.0    140     72     16.8       65.5
  t2_r1.125_lm17_tmp3.0                        17   56.8    140     72     17.5       65.6
  t1_r1.125_lm17_tmp3.0                        17   57.1    140     72     17.1       65.6
  t3_r1.75_lm19_tmp3.0                         19   56.6    101    192     18.3       65.8
  t3_r1.25_lm19_tmp3.0                         19   56.5    101    192     18.7       65.8
  t2_r1.25_lm19_tmp3.0                         19   56.9    140     72     18.5       66.2
  t3_r1.5_lm17_tmp3.0                          17   56.5    101    192     19.9       66.5
  t1_r1.75_lm17_tmp3.0                         17   56.5    140     72     20.3       66.6
  t2_r1.5_lm17_tmp3.0                          17   56.9    140     72     19.7       66.8
  t1_r1.125_lm19_tmp3.0                        19   57.0    140     72     19.6       66.8
  t3_r1.125_lm17_tmp3.0                        17   56.6    101    192     21.0       67.1
  t2_r1.75_lm17_tmp3.0                         17   57.3    140     72     19.8       67.1
  t1_r1.75_lm19_tmp3.0                         19   56.9    140     72     20.6       67.2
  t1_r1.5_lm17_tmp3.0                          17   57.2    140     72     20.1       67.3
  t1_r1.25_lm19_tmp3.0                         19   57.5    140     72     19.6       67.3
  t3_r1.25_lm17_tmp3.0                         17   56.8    101    192     23.8       68.7
  t2_r1.125_lm19_tmp3.0                        19   57.6    140     72     22.9       69.1
  t2_r1.5_lm19_tmp3.0                          19   57.6    145     72     23.7       69.4
  t2_r1.75_lm19_tmp3.0                         19   58.2    140     72     22.9       69.6
  t3_r1.75_lm17_tmp3.0                         17   78.0   3092    194     17.8       86.9
  t1_r1.5_lm19_tmp3.0                          19   78.6   3129    194     18.5       87.8

  Winner: t3_r1.5_lm19_tmp3.0
    mean=56.5, max=101 at chord 192, spread=16.9, combined=64.9

==============================================================================
Chorale: bwv262  (suffix: -trans-sa-opt.npy, spread_weight: 0.5)
==============================================================================
  Directory                                    lm   Mean    Max  MaxCh   Spread   Combined
  ------------------------------------------   --  -----  -----  -----  -------  ---------
  t1_r1.25_lm17_tmp3.0                         17   48.1    113     55     12.8       54.5 <-- BEST
  t1_r1.75_lm17_tmp3.0                         17   47.8    113     55     14.2       54.9
  t1_r1.25_lm19_tmp3.0                         19   48.7    125     48     13.2       55.3
  t2_r1.125_lm17_tmp3.0                        17   47.8    113     55     15.2       55.4
  t2_r1.75_lm17_tmp3.0                         17   47.8    113     55     15.8       55.7
  t3_r1.25_lm17_tmp3.0                         17   47.8    113     55     15.8       55.7
  t3_r1.125_lm19_tmp3.0                        19   47.8    113     55     16.2       55.9
  t3_r1.25_lm19_tmp3.0                         19   47.9    113     55     16.2       56.1
  t3_r1.5_lm19_tmp3.0                          19   48.3    113     55     15.8       56.2
  t3_r1.75_lm19_tmp3.0                         19   48.4    113     55     15.8       56.3
  t2_r1.25_lm17_tmp3.0                         17   47.8    113     55     17.2       56.4
  t2_r1.25_lm19_tmp3.0                         19   47.8    113     55     17.2       56.4
  t1_r1.75_lm19_tmp3.0                         19   48.1    113     55     16.8       56.5
  t1_r1.125_lm17_tmp3.0                        17   47.8    113     55     19.2       57.4
  t2_r1.5_lm17_tmp3.0                          17   48.5    137    102     18.2       57.6
  t2_r1.75_lm19_tmp3.0                         19   48.6    146     48     18.2       57.7
  t1_r1.5_lm19_tmp3.0                          19   48.5    137    102     18.8       57.9
  t3_r1.75_lm17_tmp3.0                         17   48.1    113     55     19.8       58.0
  t1_r1.125_lm19_tmp3.0                        19   48.4    113     55     19.2       58.0
  t2_r1.125_lm19_tmp3.0                        19   49.5    137    102     17.2       58.1
  t1_r1.5_lm17_tmp3.0                          17   47.8    113     55     20.8       58.2
  t2_r1.5_lm19_tmp3.0                          19   49.1    137    102     19.8       58.9
  t3_r1.125_lm17_tmp3.0                        17   49.0    113     55     20.8       59.4
  t3_r1.5_lm17_tmp3.0                          17   48.3    113     55     23.2       59.9

  Winner: t1_r1.25_lm17_tmp3.0
    mean=48.1, max=113 at chord 55, spread=12.8, combined=54.5

==============================================================================
Chorale: bwv263  (suffix: -trans-sa-opt.npy, spread_weight: 0.5)
==============================================================================
  Directory                                    lm   Mean    Max  MaxCh   Spread   Combined
  ------------------------------------------   --  -----  -----  -----  -------  ---------
  t3_r1.125_lm17_tmp3.0                        17   49.4    113     86     12.0       55.4 <-- BEST
  t2_r1.125_lm19_tmp3.0                        19   50.0    140    104     11.2       55.6
  t3_r1.75_lm17_tmp3.0                         17   49.4    113     86     12.6       55.7
  t2_r1.5_lm19_tmp3.0                          19   49.9    140    104     12.0       55.9
  t1_r1.5_lm19_tmp3.0                          19   50.6    140    104     10.7       56.0
  t1_r1.75_lm17_tmp3.0                         17   50.4    140    104     11.3       56.0
  t3_r1.5_lm19_tmp3.0                          19   49.8    113     86     12.6       56.1
  t1_r1.125_lm19_tmp3.0                        19   50.2    140    104     12.0       56.2
  t3_r1.25_lm17_tmp3.0                         17   49.8    113     86     13.0       56.3
  t1_r1.125_lm17_tmp3.0                        17   50.2    140    104     12.1       56.3
  t1_r1.75_lm19_tmp3.0                         19   50.3    140    104     12.2       56.4
  t3_r1.25_lm19_tmp3.0                         19   49.4    115     86     14.2       56.5
  t2_r1.125_lm17_tmp3.0                        17   50.7    140    104     11.7       56.6
  t3_r1.125_lm19_tmp3.0                        19   49.8    113     86     13.9       56.7
  t2_r1.75_lm17_tmp3.0                         17   49.9    140    104     13.6       56.7
  t2_r1.25_lm19_tmp3.0                         19   50.2    140    104     13.2       56.9
  t2_r1.25_lm17_tmp3.0                         17   49.9    140    104     14.0       56.9
  t2_r1.75_lm19_tmp3.0                         19   49.9    140    104     14.1       57.0
  t1_r1.5_lm17_tmp3.0                          17   49.9    140    104     14.1       57.0
  t1_r1.25_lm19_tmp3.0                         19   50.7    140    104     12.9       57.2
  t1_r1.25_lm17_tmp3.0                         17   50.5    140    104     13.4       57.2
  t2_r1.5_lm17_tmp3.0                          17   49.9    140    104     14.9       57.3
  t3_r1.5_lm17_tmp3.0                          17   50.3    129    138     15.0       57.8
  t3_r1.75_lm19_tmp3.0                         19   50.0    116    136     21.1       60.6

  Winner: t3_r1.125_lm17_tmp3.0
    mean=49.4, max=113 at chord 86, spread=12.0, combined=55.4

==============================================================================
Chorale: bwv264  (suffix: -trans-sa-opt.npy, spread_weight: 0.5)
==============================================================================
  Directory                                    lm   Mean    Max  MaxCh   Spread   Combined
  ------------------------------------------   --  -----  -----  -----  -------  ---------
  t3_r1.25_lm17_tmp3.0                         17   48.0    111    110      9.1       52.6 <-- BEST
  t2_r1.125_lm19_tmp3.0                        19   48.2    135    110      9.3       52.8
  t2_r1.5_lm19_tmp3.0                          19   48.1    135    110      9.7       53.0
  t3_r1.125_lm17_tmp3.0                        17   48.1    119    110     10.0       53.1
  t1_r1.75_lm19_tmp3.0                         19   48.6    130    110      9.1       53.1
  t2_r1.75_lm17_tmp3.0                         17   48.5    135    110      9.6       53.3
  t1_r1.5_lm17_tmp3.0                          17   48.6    127    110      9.6       53.4
  t1_r1.75_lm17_tmp3.0                         17   48.0    111    110     10.8       53.4
  t3_r1.25_lm19_tmp3.0                         19   48.1    119    110     10.9       53.5
  t1_r1.125_lm17_tmp3.0                        17   48.2    140    110     10.8       53.6
  t1_r1.25_lm17_tmp3.0                         17   48.5    130    110     10.6       53.8
  t2_r1.5_lm17_tmp3.0                          17   48.6    127    110     10.5       53.8
  t2_r1.125_lm17_tmp3.0                        17   48.5    130    110     10.6       53.8
  t3_r1.75_lm19_tmp3.0                         19   48.4    112    110     11.0       53.9
  t3_r1.75_lm17_tmp3.0                         17   48.2    104    110     11.4       53.9
  t2_r1.75_lm19_tmp3.0                         19   48.0    111    110     12.0       54.0
  t3_r1.125_lm19_tmp3.0                        19   48.3    113    110     11.5       54.1
  t1_r1.5_lm19_tmp3.0                          19   48.6    130    110     11.2       54.2
  t1_r1.125_lm19_tmp3.0                        19   48.5    130    110     11.5       54.2
  t2_r1.25_lm17_tmp3.0                         17   48.5    130    110     11.5       54.2
  t1_r1.25_lm19_tmp3.0                         19   48.6    130    110     12.0       54.6
  t2_r1.25_lm19_tmp3.0                         19   48.5    125    111     12.1       54.6
  t3_r1.5_lm19_tmp3.0                          19   48.0    113    110     15.0       55.5
  t3_r1.5_lm17_tmp3.0                          17   48.1     96     47     15.8       56.0

  Winner: t3_r1.25_lm17_tmp3.0
    mean=48.0, max=111 at chord 110, spread=9.1, combined=52.6

==============================================================================

Run with --render to produce audio for the winners.
