
==============================================================================
Chorale: bwv253  (suffix: -opt.npy, spread_weight: 0.9)
==============================================================================
  Directory                                    lm   Mean    Max  MaxCh   Spread   Combined
  ------------------------------------------   --  -----  -----  -----  -------  ---------
  t1_r1.375_s0_md33_sn0_lm19                   19   49.1     93    126     13.3       61.1 <-- BEST
  t2_r1.75_s0_md33_sn0_lm17                    17   49.1     90    122     13.7       61.4
  t1_r1.5_lm19_tmp3.0                          19   49.1     93    126     13.8       61.5
  t1_r1.375_lm17_tmp3.0                        17   49.1     93    126     14.2       61.9
  t2_r1.25_lm17_tmp3.0                         17   49.1     93    126     14.2       61.9
  t2_r1.375_lm19_tmp3.0                        19   49.1     93    126     14.2       61.9
  t2_r1.625_lm17_tmp3.0                        17   49.1     93    126     14.7       62.3
  t1_r1.125_s0_md33_sn0_lm17                   17   48.9     90    122     15.1       62.5
  t1_r1.125_s0_md33_sn0_lm19                   19   49.3     93    126     14.9       62.7
  t2_r1.25_lm19_tmp3.0                         19   49.1     93    126     15.1       62.7
  t2_r1.25_s0_md33_sn0_lm19                    19   49.1     93    126     15.1       62.7
  t1_r1.625_s0_md33_sn0_lm17                   17   49.1     93    126     15.3       62.9
  t2_r1.75_s0_md33_sn0_lm19                    19   49.1     93    126     15.3       62.9
  t1_r1.5_lm17_tmp3.0                          17   49.1     93    126     15.6       63.1
  t2_r1.625_lm19_tmp3.0                        19   49.1     93    126     15.6       63.1
  t1_r1.125_lm19_tmp3.0                        19   49.1     93    126     16.0       63.5
  t1_r1.5_s0_md33_sn0_lm17                     17   49.1     93    126     16.0       63.5
  t1_r1.625_lm17_tmp3.0                        17   49.1     93    126     16.0       63.5
  t1_r1.75_s0_md33_sn0_lm17                    17   48.9     90    122     16.4       63.7
  t1_r1.25_s0_md33_sn0_lm17                    17   48.9     90    122     16.4       63.7
  t2_r1.5_s0_md33_sn0_lm17                     17   48.9     90    122     16.4       63.7
  t1_r1.25_lm17_tmp3.0                         17   49.1     93    126     16.4       63.9
  t2_r1.5_lm19_tmp3.0                          19   49.1     93    126     16.4       63.9
  t1_r1.625_s0_md33_sn0_lm19                   19   49.3     93    126     16.4       64.1
  t2_r1.125_lm19_tmp3.0                        19   49.1     93    126     16.9       64.3
  t1_r1.625_lm19_tmp3.0                        19   49.1     93    126     17.1       64.5
  t1_r1.375_s0_md33_sn0_lm17                   17   49.1     93    126     17.1       64.5
  t2_r1.5_lm17_tmp3.0                          17   49.1     93    126     17.3       64.7
  t2_r1.125_s0_md33_sn0_lm17                   17   49.3     93    126     17.3       64.9
  t2_r1.5_s0_md33_sn0_lm19                     19   48.9     90    122     18.0       65.1
  t1_r1.125_lm17_tmp3.0                        17   49.1     93    126     17.8       65.1
  t1_r1.25_lm19_tmp3.0                         19   49.1     93    126     17.8       65.1
  t2_r1.375_s0_md33_sn0_lm17                   17   49.1     93    126     17.8       65.1
  t2_r1.375_lm17_tmp3.0                        17   49.1     93    126     18.0       65.3
  t1_r1.375_lm19_tmp3.0                        19   49.1     93    126     18.2       65.5
  t2_r1.125_lm17_tmp3.0                        17   49.1     93    126     18.2       65.5
  t1_r1.75_s0_md33_sn0_lm19                    19   49.1     93    126     18.2       65.5
  t2_r1.375_s0_md33_sn0_lm19                   19   49.1     93    126     18.4       65.7
  t2_r1.625_s0_md33_sn0_lm19                   19   48.9     90    122     19.3       66.3
  t1_r1.5_s0_md33_sn0_lm19                     19   48.9     90    122     20.9       67.7
  t2_r1.25_s0_md33_sn0_lm17                    17   49.0     90    122     21.3       68.2
  t1_r1.25_s0_md33_sn0_lm19                    19   49.1     93    126     23.3       70.1
  t2_r1.125_s0_md33_sn0_lm19                   19   74.3   2110    126     16.0       88.7
  t2_r1.625_s0_md33_sn0_lm17                   17   86.4   3047    128     18.9      103.4
  t2_r1.75_s0_md33_sn0_lm23                    23   87.3   3109     22     20.4      105.7

  Winner: t1_r1.375_s0_md33_sn0_lm19
    mean=49.1, max=93 at chord 126, spread=13.3, combined=61.1

==============================================================================
Chorale: bwv254  (suffix: -opt.npy, spread_weight: 0.9)
==============================================================================
  Directory                                    lm   Mean    Max  MaxCh   Spread   Combined
  ------------------------------------------   --  -----  -----  -----  -------  ---------
  t1_r1.375_lm19_tmp3.0                        19   54.8    145    158     11.5       65.1 <-- BEST
  t1_r1.5_lm19_tmp3.0                          19   55.5    146    160     11.0       65.4
  t1_r1.25_lm19_tmp3.0                         19   54.7    140    158     12.1       65.5
  t1_r1.125_s0_md33_sn0_lm19                   19   54.7    140    158     12.2       65.7
  t1_r1.125_s0_md33_sn0_lm17                   17   55.8    163    160     11.3       66.0
  t1_r1.25_s0_md33_sn0_lm19                    19   55.6    146    160     12.0       66.4
  t1_r1.625_s0_md33_sn0_lm17                   17   55.6    163    160     12.1       66.5
  t1_r1.5_lm17_tmp3.0                          17   54.9    145    158     12.9       66.5
  t1_r1.375_s0_md33_sn0_lm19                   19   55.6    146    160     12.4       66.7
  t1_r1.25_lm17_tmp3.0                         17   55.8    163    160     12.4       67.0
  t1_r1.625_lm19_tmp3.0                        19   54.9    140    158     14.3       67.8
  t1_r1.375_s0_md33_sn0_lm17                   17   55.2    145    158     14.3       68.1
  t1_r1.5_s0_md33_sn0_lm17                     17   56.1    163    160     13.7       68.4
  t1_r1.75_s0_md33_sn0_lm19                    19   55.5    146    160     15.4       69.4
  t1_r1.625_s0_md33_sn0_lm19                   19   55.9    162    160     15.1       69.5
  t1_r1.75_s0_md33_sn0_lm17                    17   54.8    140    158     16.4       69.6
  t1_r1.125_lm19_tmp3.0                        19   55.1    145    158     16.5       70.0
  t2_r1.25_s0_md33_sn0_lm17                    17   66.0   1123    158     10.9       75.8
  t2_r1.125_lm17_tmp3.0                        17   65.9   1123    158     11.5       76.2
  t2_r1.625_s0_md33_sn0_lm19                   19   65.8   1123    158     11.8       76.4
  t2_r1.5_s0_md33_sn0_lm17                     17   66.0   1123    158     11.7       76.5
  t1_r1.375_lm17_tmp3.0                        17   66.8   1145    160     11.4       77.1
  t2_r1.5_lm19_tmp3.0                          19   66.8   1123    158     11.5       77.1
  t1_r1.125_lm17_tmp3.0                        17   67.4   1149    160     11.0       77.2
  t2_r1.375_s0_md33_sn0_lm19                   19   66.0   1123    158     12.6       77.3
  t2_r1.375_lm19_tmp3.0                        19   66.4   1123    158     12.5       77.7
  t2_r1.75_s0_md33_sn0_lm17                    17   65.9   1123    158     13.4       78.0
  t1_r1.25_s0_md33_sn0_lm17                    17   67.0   1118    160     12.4       78.1
  t2_r1.125_s0_md33_sn0_lm17                   17   66.2   1123    158     13.6       78.4
  t1_r1.625_lm17_tmp3.0                        17   66.4   1109    160     13.4       78.5
  t2_r1.75_s0_md33_sn0_lm19                    19   65.9   1123    158     14.8       79.2
  t1_r1.5_s0_md33_sn0_lm19                     19   67.4   1213    158     13.8       79.8
  t2_r1.25_lm19_tmp3.0                         19   66.9   1123    158     14.6       80.1
  t2_r1.625_lm19_tmp3.0                        19   82.9   3045    150     12.0       93.7
  t2_r1.625_lm17_tmp3.0                        17   89.6   2135    160     11.3       99.7
  t2_r1.375_lm17_tmp3.0                        17   89.9   2122    160     11.2       99.9
  t2_r1.375_s0_md33_sn0_lm17                   17   89.7   2135    160     11.9      100.4
  t2_r1.5_s0_md33_sn0_lm19                     19   90.3   2122    160     11.3      100.4
  t2_r1.25_s0_md33_sn0_lm19                    19   89.6   2119    148     12.6      100.9
  t2_r1.25_lm17_tmp3.0                         17   90.1   2122    160     12.1      101.0
  t2_r1.625_s0_md33_sn0_lm17                   17   89.8   2119    148     12.7      101.2
  t2_r1.5_lm17_tmp3.0                          17   90.1   2122    160     12.3      101.2
  t2_r1.125_s0_md33_sn0_lm19                   19   90.6   2122    160     13.5      102.7
  t2_r1.75_s0_md33_sn0_lm23                    23  104.2   3142    156     18.6      121.0
  t2_r1.125_lm19_tmp3.0                        19  117.5   3144    147     13.4      129.5

  Winner: t1_r1.375_lm19_tmp3.0
    mean=54.8, max=145 at chord 158, spread=11.5, combined=65.1

==============================================================================
Chorale: bwv255  (suffix: -opt.npy, spread_weight: 0.9)
==============================================================================
  Directory                                    lm   Mean    Max  MaxCh   Spread   Combined
  ------------------------------------------   --  -----  -----  -----  -------  ---------
  t1_r1.5_s0_md33_sn0_lm19                     19   50.8     82     42      9.9       59.7 <-- BEST
  t2_r1.375_s0_md33_sn0_lm19                   19   50.8     82     42     10.1       59.8
  t2_r1.375_s0_md33_sn0_lm17                   17   50.8     82     42     10.2       60.0
  t2_r1.75_s0_md33_sn0_lm23                    23   51.2     96     88     11.7       61.8
  t2_r1.75_s0_md33_sn0_lm19                    19   50.8     82     42     12.6       62.1
  t1_r1.5_s0_md33_sn0_lm17                     17   50.9     82     42     12.6       62.2
  t2_r1.375_lm17_tmp3.0                        17   50.9     82     42     12.6       62.2
  t2_r1.125_lm17_tmp3.0                        17   50.9     82     42     12.7       62.4
  t2_r1.625_lm19_tmp3.0                        19   50.9     82     42     12.7       62.4
  t2_r1.625_s0_md33_sn0_lm17                   17   50.9     82     42     12.9       62.5
  t1_r1.625_s0_md33_sn0_lm17                   17   50.9     82     42     13.1       62.7
  t1_r1.125_lm19_tmp3.0                        19   50.9     82     42     13.5       63.0
  t1_r1.25_lm19_tmp3.0                         19   50.9     82     42     13.4       63.0
  t1_r1.25_s0_md33_sn0_lm19                    19   50.9     82     42     13.7       63.3
  t1_r1.25_s0_md33_sn0_lm17                    17   50.8     82     42     14.0       63.3
  t1_r1.125_s0_md33_sn0_lm19                   19   50.9     82     42     13.8       63.4
  t2_r1.375_lm19_tmp3.0                        19   50.9     82     42     13.8       63.4
  t2_r1.125_lm19_tmp3.0                        19   50.9     82     42     13.9       63.4
  t2_r1.25_lm17_tmp3.0                         17   50.9     82     42     14.0       63.6
  t2_r1.25_s0_md33_sn0_lm17                    17   50.9     82     42     14.3       63.8
  t2_r1.25_s0_md33_sn0_lm19                    19   50.9     82     42     14.5       63.9
  t2_r1.5_lm17_tmp3.0                          17   50.9     82     42     14.5       64.0
  t1_r1.125_s0_md33_sn0_lm17                   17   50.9     82     42     14.6       64.0
  t1_r1.375_lm17_tmp3.0                        17   50.9     82     42     14.6       64.0
  t2_r1.25_lm19_tmp3.0                         19   50.9     82     42     14.6       64.1
  t1_r1.375_lm19_tmp3.0                        19   50.9     82     42     14.6       64.1
  t1_r1.625_lm17_tmp3.0                        17   50.9     82     42     14.7       64.1
  t2_r1.5_s0_md33_sn0_lm17                     17   50.9     82     42     14.7       64.1
  t2_r1.75_s0_md33_sn0_lm17                    17   50.8     82     42     14.9       64.2
  t2_r1.625_lm17_tmp3.0                        17   50.9     82     42     14.8       64.2
  t1_r1.5_lm19_tmp3.0                          19   50.9     82     42     15.0       64.4
  t1_r1.75_s0_md33_sn0_lm19                    19   50.8     82     42     15.2       64.5
  t1_r1.375_s0_md33_sn0_lm19                   19   52.6    125    100     13.3       64.5
  t1_r1.5_lm17_tmp3.0                          17   50.9     82     42     15.2       64.6
  t1_r1.75_s0_md33_sn0_lm17                    17   50.8     82     42     15.5       64.7
  t1_r1.125_lm17_tmp3.0                        17   50.9     82     42     15.3       64.7
  t2_r1.625_s0_md33_sn0_lm19                   19   50.9     82     42     15.5       64.8
  t1_r1.25_lm17_tmp3.0                         17   50.9     82     42     15.6       64.9
  t1_r1.625_s0_md33_sn0_lm19                   19   50.9     82     42     15.6       65.0
  t1_r1.625_lm19_tmp3.0                        19   50.9     82     42     15.8       65.1
  t1_r1.375_s0_md33_sn0_lm17                   17   50.9     82     42     17.9       67.0
  t2_r1.125_s0_md33_sn0_lm19                   19   51.2     82     42     18.4       67.9
  t2_r1.5_s0_md33_sn0_lm19                     19   82.2   2047     40     13.1       94.0
  t2_r1.125_s0_md33_sn0_lm17                   17   82.1   2049     20     13.4       94.2
  t2_r1.5_lm19_tmp3.0                          19   82.2   2047     40     15.0       95.6

  Winner: t1_r1.5_s0_md33_sn0_lm19
    mean=50.8, max=82 at chord 42, spread=9.9, combined=59.7

==============================================================================
Chorale: bwv256  (suffix: -opt.npy, spread_weight: 0.9)
==============================================================================
  Directory                                    lm   Mean    Max  MaxCh   Spread   Combined
  ------------------------------------------   --  -----  -----  -----  -------  ---------
  t1_r1.375_s0_md33_sn0_lm17                   17   54.1    140    138     11.7       64.6 <-- BEST
  t1_r1.125_s0_md33_sn0_lm17                   17   53.9    140    138     12.6       65.2
  t1_r1.625_s0_md33_sn0_lm19                   19   53.9    140    138     12.6       65.2
  t1_r1.25_s0_md33_sn0_lm17                    17   54.1    140    138     12.5       65.4
  t1_r1.375_s0_md33_sn0_lm19                   19   54.1    140    138     12.8       65.6
  t2_r1.25_lm19_tmp3.0                         19   54.1    140    138     13.3       66.1
  t1_r1.75_s0_md33_sn0_lm17                    17   54.1    140    138     13.3       66.1
  t1_r1.25_s0_md33_sn0_lm19                    19   53.9    140    138     13.7       66.2
  t2_r1.625_s0_md33_sn0_lm17                   17   53.9    140    138     13.8       66.2
  t2_r1.125_lm19_tmp3.0                        19   54.1    140    138     13.6       66.3
  t1_r1.5_s0_md33_sn0_lm19                     19   54.1    140    138     13.8       66.5
  t2_r1.5_lm19_tmp3.0                          19   54.1    140    138     13.9       66.6
  t2_r1.125_s0_md33_sn0_lm17                   17   54.2    140    138     13.8       66.7
  t2_r1.375_lm17_tmp3.0                        17   54.9    140    138     13.3       66.9
  t1_r1.375_lm19_tmp3.0                        19   54.1    140    138     14.6       67.3
  t2_r1.375_lm19_tmp3.0                        19   54.1    140    138     14.7       67.4
  t1_r1.5_s0_md33_sn0_lm17                     17   54.7    140    138     14.2       67.5
  t1_r1.375_lm17_tmp3.0                        17   54.1    140    138     14.9       67.5
  t1_r1.75_s0_md33_sn0_lm19                    19   54.1    140    138     15.0       67.6
  t1_r1.125_lm17_tmp3.0                        17   54.9    140    138     14.3       67.8
  t2_r1.5_s0_md33_sn0_lm17                     17   54.1    140    138     15.4       67.9
  t1_r1.5_lm19_tmp3.0                          19   54.1    140    138     15.4       68.0
  t2_r1.25_lm17_tmp3.0                         17   54.1    140    138     15.4       68.0
  t1_r1.625_s0_md33_sn0_lm17                   17   54.1    140    138     15.5       68.1
  t2_r1.75_s0_md33_sn0_lm19                    19   54.1    140    138     15.5       68.1
  t2_r1.625_s0_md33_sn0_lm19                   19   54.7    140    138     14.9       68.1
  t2_r1.125_lm17_tmp3.0                        17   54.1    140    138     15.7       68.2
  t2_r1.375_s0_md33_sn0_lm19                   19   53.9    140    138     16.0       68.2
  t2_r1.25_s0_md33_sn0_lm19                    19   54.9    140    138     14.8       68.2
  t1_r1.125_lm19_tmp3.0                        19   54.1    140    138     16.1       68.6
  t2_r1.25_s0_md33_sn0_lm17                    17   55.2    140    138     14.9       68.6
  t2_r1.75_s0_md33_sn0_lm17                    17   53.9    140    138     16.5       68.7
  t2_r1.5_lm17_tmp3.0                          17   54.1    140    138     16.2       68.7
  t2_r1.375_s0_md33_sn0_lm17                   17   53.9    140    138     16.7       68.9
  t1_r1.125_s0_md33_sn0_lm19                   19   54.9    140    138     15.6       68.9
  t1_r1.625_lm17_tmp3.0                        17   54.1    140    138     16.7       69.1
  t1_r1.25_lm17_tmp3.0                         17   54.1    140    138     16.7       69.1
  t1_r1.25_lm19_tmp3.0                         19   54.1    140    138     17.0       69.4
  t2_r1.625_lm17_tmp3.0                        17   54.1    140    138     17.1       69.5
  t1_r1.625_lm19_tmp3.0                        19   54.1    140    138     17.2       69.5
  t2_r1.125_s0_md33_sn0_lm19                   19   54.8    140    138     16.6       69.7
  t1_r1.5_lm17_tmp3.0                          17   54.1    140    138     17.6       69.9
  t2_r1.5_s0_md33_sn0_lm19                     19   54.1    140    138     17.6       69.9
  t2_r1.75_s0_md33_sn0_lm23                    23   75.9   2115    116     13.7       88.2
  t2_r1.625_lm19_tmp3.0                        19   79.1   2047    136     13.9       91.6

  Winner: t1_r1.375_s0_md33_sn0_lm17
    mean=54.1, max=140 at chord 138, spread=11.7, combined=64.6

==============================================================================
Chorale: bwv257  (suffix: -opt.npy, spread_weight: 0.9)
==============================================================================
  Directory                                    lm   Mean    Max  MaxCh   Spread   Combined
  ------------------------------------------   --  -----  -----  -----  -------  ---------
  t1_r1.25_s0_md33_sn0_lm19                    19   57.5    140    128     17.0       72.8 <-- BEST
  t1_r1.375_s0_md33_sn0_lm17                   17   57.0    140    128     18.3       73.4
  t1_r1.125_s0_md33_sn0_lm17                   17   57.8    140    128     17.9       73.9
  t1_r1.125_lm17_tmp3.0                        17   57.8    140    128     18.1       74.1
  t1_r1.375_lm17_tmp3.0                        17   57.7    140    128     18.3       74.2
  t1_r1.5_s0_md33_sn0_lm19                     19   58.3    140    128     17.8       74.3
  t1_r1.25_s0_md33_sn0_lm17                    17   57.5    140    128     18.8       74.4
  t1_r1.125_lm19_tmp3.0                        19   57.8    140    128     18.6       74.5
  t1_r1.75_s0_md33_sn0_lm17                    17   57.9    140    128     18.7       74.7
  t1_r1.25_lm17_tmp3.0                         17   57.8    140    128     18.9       74.8
  t1_r1.625_s0_md33_sn0_lm17                   17   57.5    140    128     19.4       74.9
  t1_r1.5_s0_md33_sn0_lm17                     17   57.5    140    128     19.4       75.0
  t1_r1.375_lm19_tmp3.0                        19   59.4    140    128     17.4       75.0
  t1_r1.75_s0_md33_sn0_lm19                    19   58.6    145    128     18.5       75.3
  t1_r1.5_lm17_tmp3.0                          17   57.8    140    128     19.5       75.3
  t1_r1.25_lm19_tmp3.0                         19   58.2    140    128     19.5       75.8
  t1_r1.375_s0_md33_sn0_lm19                   19   57.5    140    128     20.3       75.8
  t1_r1.625_lm17_tmp3.0                        17   59.8    140    128     18.0       75.9
  t1_r1.625_lm19_tmp3.0                        19   57.8    140    128     20.6       76.3
  t1_r1.625_s0_md33_sn0_lm19                   19   57.8    140    128     21.8       77.4
  t1_r1.5_lm19_tmp3.0                          19   61.5    160     24     19.3       78.8
  t1_r1.125_s0_md33_sn0_lm19                   19   70.5   1067     12     18.5       87.1
  t2_r1.625_s0_md33_sn0_lm19                   19   82.1   1123    128     19.1       99.2
  t2_r1.25_s0_md33_sn0_lm17                    17   81.8   1123    128     19.4       99.3
  t2_r1.375_s0_md33_sn0_lm17                   17   81.8   1123    128     19.6       99.4
  t2_r1.5_lm17_tmp3.0                          17   82.0   1123    128     19.4       99.5
  t2_r1.125_lm17_tmp3.0                        17   82.4   1123    128     19.1       99.5
  t2_r1.5_s0_md33_sn0_lm19                     19   83.8   1123    128     17.5       99.6
  t2_r1.25_lm17_tmp3.0                         17   82.4   1123    128     19.3       99.8
  t2_r1.5_s0_md33_sn0_lm17                     17   81.8   1123    128     20.3      100.1
  t2_r1.75_s0_md33_sn0_lm17                    17   81.9   1123    128     20.3      100.1
  t2_r1.5_lm19_tmp3.0                          19   82.3   1123    128     20.0      100.3
  t2_r1.25_lm19_tmp3.0                         19   82.4   1123    128     20.0      100.4
  t2_r1.375_lm17_tmp3.0                        17   82.1   1123    128     20.3      100.4
  t2_r1.125_lm19_tmp3.0                        19   82.4   1123    128     20.1      100.5
  t2_r1.625_lm17_tmp3.0                        17   82.4   1123    128     20.2      100.5
  t2_r1.125_s0_md33_sn0_lm17                   17   82.0   1123    128     20.9      100.8
  t2_r1.25_s0_md33_sn0_lm19                    19   84.6   1123    128     19.6      102.2
  t2_r1.75_s0_md33_sn0_lm19                    19   95.3   1123    128     17.7      111.2
  t2_r1.75_s0_md33_sn0_lm23                    23   96.8   1123    128     18.2      113.2
  t2_r1.375_lm19_tmp3.0                        19  108.7   1133     24     20.0      126.7
  t2_r1.625_s0_md33_sn0_lm17                   17  119.5   3113     10     19.9      137.4
  t2_r1.125_s0_md33_sn0_lm19                   19  132.1   4049     16     17.9      148.1
  t2_r1.375_s0_md33_sn0_lm19                   19  132.3   4047     96     18.3      148.8
  t2_r1.625_lm19_tmp3.0                        19  158.4   3119     24     20.5      176.8

  Winner: t1_r1.25_s0_md33_sn0_lm19
    mean=57.5, max=140 at chord 128, spread=17.0, combined=72.8

==============================================================================
Chorale: bwv258  (suffix: -opt.npy, spread_weight: 0.9)
==============================================================================
  Directory                                    lm   Mean    Max  MaxCh   Spread   Combined
  ------------------------------------------   --  -----  -----  -----  -------  ---------
  t1_r1.125_s0_md33_sn0_lm17                   17   57.8    140     80     15.3       71.5 <-- BEST
  t1_r1.25_lm17_tmp3.0                         17   58.1    140     80     15.2       71.8
  t1_r1.5_s0_md33_sn0_lm19                     19   59.8    140     80     15.6       73.8
  t1_r1.625_lm17_tmp3.0                        17   58.3    140     80     17.4       73.9
  t1_r1.375_lm19_tmp3.0                        19   58.3    140     80     17.4       74.0
  t1_r1.75_s0_md33_sn0_lm19                    19   57.9    145     80     17.9       74.0
  t1_r1.125_s0_md33_sn0_lm19                   19   58.6    140     80     18.3       75.1
  t1_r1.25_s0_md33_sn0_lm17                    17   58.3    140     80     19.2       75.6
  t1_r1.75_s0_md33_sn0_lm17                    17   57.8    140     80     20.3       76.0
  t1_r1.375_s0_md33_sn0_lm17                   17   57.8    140     80     21.0       76.7
  t1_r1.375_lm17_tmp3.0                        17   59.5    140     80     19.4       77.0
  t1_r1.625_lm19_tmp3.0                        19   58.0    140     80     21.3       77.2
  t1_r1.125_lm17_tmp3.0                        17   58.6    140     80     21.3       77.8
  t1_r1.5_s0_md33_sn0_lm17                     17   58.9    140     80     21.7       78.4
  t1_r1.5_lm17_tmp3.0                          17   58.0    140     80     22.8       78.5
  t1_r1.625_s0_md33_sn0_lm17                   17   57.8    140     80     23.2       78.6
  t1_r1.375_s0_md33_sn0_lm19                   19   59.2    140     80     21.7       78.8
  t1_r1.5_lm19_tmp3.0                          19   57.7    140     80     23.9       79.2
  t1_r1.125_lm19_tmp3.0                        19   59.1    140     80     22.4       79.3
  t1_r1.25_s0_md33_sn0_lm19                    19   59.0    140     80     23.7       80.3
  t1_r1.25_lm19_tmp3.0                         19   59.5    140     80     23.2       80.3
  t1_r1.625_s0_md33_sn0_lm19                   19   60.4    140     80     22.8       81.0
  t2_r1.375_lm17_tmp3.0                        17   82.3   1123     80     15.5       96.3
  t2_r1.25_lm17_tmp3.0                         17   82.3   1123     80     15.7       96.4
  t2_r1.125_lm17_tmp3.0                        17   82.6   1123     80     15.4       96.5
  t2_r1.75_s0_md33_sn0_lm19                    19   82.7   1123     80     15.9       97.0
  t2_r1.5_s0_md33_sn0_lm19                     19   82.9   1123     80     16.1       97.3
  t2_r1.625_s0_md33_sn0_lm19                   19   82.6   1123     80     16.9       97.8
  t2_r1.625_s0_md33_sn0_lm17                   17   82.6   1123     80     17.7       98.6
  t2_r1.75_s0_md33_sn0_lm17                    17   82.4   1123     80     18.5       99.0
  t2_r1.5_s0_md33_sn0_lm17                     17   82.9   1123     80     18.1       99.1
  t2_r1.375_s0_md33_sn0_lm17                   17   83.1   1123     80     17.8       99.1
  t2_r1.5_lm19_tmp3.0                          19   82.6   1123     80     18.4       99.1
  t2_r1.125_s0_md33_sn0_lm17                   17   82.6   1123     80     18.4       99.2
  t2_r1.25_s0_md33_sn0_lm19                    19   82.6   1123     80     18.7       99.4
  t2_r1.25_lm19_tmp3.0                         19   84.3   1123     80     16.9       99.6
  t2_r1.375_s0_md33_sn0_lm19                   19   82.6   1123     80     23.7      103.9
  t2_r1.75_s0_md33_sn0_lm23                    23   84.8   1135     88     22.1      104.7
  t2_r1.625_lm17_tmp3.0                        17   82.9   1123     80     24.4      104.8
  t2_r1.25_s0_md33_sn0_lm17                    17   84.5   1123     80     24.3      106.4
  t2_r1.625_lm19_tmp3.0                        19  107.6   2049     76     17.7      123.5
  t2_r1.375_lm19_tmp3.0                        19  109.1   2111     42     16.2      123.7
  t2_r1.5_lm17_tmp3.0                          17  109.3   1135     20     18.4      125.8
  t2_r1.125_s0_md33_sn0_lm19                   19  120.6   3090    102     20.3      138.9
  t2_r1.125_lm19_tmp3.0                        19  133.9   2101     20     19.7      151.7

  Winner: t1_r1.125_s0_md33_sn0_lm17
    mean=57.8, max=140 at chord 80, spread=15.3, combined=71.5

==============================================================================
Chorale: bwv259  (suffix: -opt.npy, spread_weight: 0.9)
==============================================================================
  Directory                                    lm   Mean    Max  MaxCh   Spread   Combined
  ------------------------------------------   --  -----  -----  -----  -------  ---------
  t1_r1.75_s0_md33_sn0_lm17                    17   53.2    104     74     11.4       63.5 <-- BEST
  t1_r1.75_s0_md33_sn0_lm19                    19   53.5    104     74     11.2       63.6
  t2_r1.625_lm17_tmp3.0                        17   53.4    104     74     11.5       63.7
  t1_r1.125_lm17_tmp3.0                        17   53.3    104     74     11.7       63.8
  t2_r1.5_lm19_tmp3.0                          19   53.4    104     74     11.7       63.9
  t1_r1.5_lm19_tmp3.0                          19   53.4    104     74     11.7       63.9
  t2_r1.375_lm19_tmp3.0                        19   53.4    104     74     11.9       64.1
  t1_r1.375_lm17_tmp3.0                        17   53.4    104     74     12.0       64.3
  t2_r1.375_s0_md33_sn0_lm17                   17   53.4    104     74     12.1       64.3
  t2_r1.125_s0_md33_sn0_lm17                   17   53.4    104     74     12.2       64.3
  t2_r1.125_lm19_tmp3.0                        19   53.4    104     74     12.1       64.4
  t1_r1.125_lm19_tmp3.0                        19   53.4    104     74     12.3       64.4
  t2_r1.75_s0_md33_sn0_lm17                    17   53.2    104     74     12.5       64.5
  t1_r1.625_lm17_tmp3.0                        17   53.4    104     74     12.3       64.5
  t2_r1.625_lm19_tmp3.0                        19   53.4    104     74     12.3       64.5
  t2_r1.25_s0_md33_sn0_lm19                    19   53.4    104     74     12.4       64.5
  t2_r1.5_lm17_tmp3.0                          17   53.4    104     74     12.4       64.5
  t1_r1.25_s0_md33_sn0_lm17                    17   53.6    104     74     12.2       64.5
  t1_r1.5_lm17_tmp3.0                          17   53.4    104     74     12.4       64.6
  t2_r1.125_s0_md33_sn0_lm19                   19   53.4    104     74     12.5       64.6
  t2_r1.625_s0_md33_sn0_lm19                   19   53.4    104     74     12.7       64.8
  t1_r1.5_s0_md33_sn0_lm17                     17   53.4    104     74     12.8       64.9
  t2_r1.5_s0_md33_sn0_lm19                     19   53.4    104     74     12.8       64.9
  t1_r1.625_lm19_tmp3.0                        19   53.4    104     74     12.8       64.9
  t1_r1.25_lm17_tmp3.0                         17   53.4    104     74     12.9       64.9
  t2_r1.25_lm19_tmp3.0                         19   53.4    104     74     12.9       64.9
  t2_r1.25_s0_md33_sn0_lm17                    17   53.4    104     74     12.9       65.0
  t1_r1.25_s0_md33_sn0_lm19                    19   53.4    104     74     12.9       65.0
  t1_r1.375_s0_md33_sn0_lm17                   17   53.4    104     74     13.0       65.1
  t1_r1.375_s0_md33_sn0_lm19                   19   53.6    104     74     12.8       65.1
  t1_r1.625_s0_md33_sn0_lm19                   19   53.4    104     74     13.1       65.1
  t1_r1.375_lm19_tmp3.0                        19   53.4    104     74     13.1       65.2
  t1_r1.625_s0_md33_sn0_lm17                   17   53.5    104     74     13.0       65.2
  t1_r1.125_s0_md33_sn0_lm19                   19   53.4    104     74     13.2       65.3
  t2_r1.125_lm17_tmp3.0                        17   53.4    104     74     13.5       65.5
  t2_r1.375_lm17_tmp3.0                        17   53.6    104     74     13.3       65.6
  t2_r1.25_lm17_tmp3.0                         17   53.4    104     74     13.8       65.8
  t1_r1.5_s0_md33_sn0_lm19                     19   53.6    104     74     13.6       65.9
  t2_r1.375_s0_md33_sn0_lm19                   19   53.3    104     74     14.2       66.1
  t2_r1.5_s0_md33_sn0_lm17                     17   53.9    125    166     14.3       66.7
  t1_r1.25_lm19_tmp3.0                         19   54.8    137    160     14.0       67.4
  t1_r1.125_s0_md33_sn0_lm17                   17   55.3    119    172     16.1       69.8
  t2_r1.625_s0_md33_sn0_lm17                   17   64.0   1060     72     16.3       78.7
  t2_r1.75_s0_md33_sn0_lm23                    23   72.6   1146     66     16.3       87.3
  t2_r1.75_s0_md33_sn0_lm19                    19   84.7   3045    148     13.4       96.7

  Winner: t1_r1.75_s0_md33_sn0_lm17
    mean=53.2, max=104 at chord 74, spread=11.4, combined=63.5

==============================================================================
Chorale: bwv260  (suffix: -opt.npy, spread_weight: 0.9)
==============================================================================
  Directory                                    lm   Mean    Max  MaxCh   Spread   Combined
  ------------------------------------------   --  -----  -----  -----  -------  ---------
  t2_r1.125_lm17_tmp3.0                        17   52.9    129      2      9.4       61.4 <-- BEST
  t1_r1.125_s0_md33_sn0_lm17                   17   52.3    105     72     10.6       61.8
  t1_r1.625_s0_md33_sn0_lm17                   17   52.2    105     72     11.1       62.2
  t1_r1.5_lm17_tmp3.0                          17   52.3    111     72     11.4       62.6
  t1_r1.375_s0_md33_sn0_lm19                   19   52.5    105     72     11.4       62.7
  t2_r1.5_s0_md33_sn0_lm17                     17   52.3    105     72     11.9       63.0
  t1_r1.125_s0_md33_sn0_lm19                   19   52.3    105     72     12.0       63.1
  t1_r1.375_lm17_tmp3.0                        17   53.0    129      2     11.4       63.2
  t1_r1.75_s0_md33_sn0_lm19                    19   52.4    105     72     12.8       63.9
  t1_r1.5_lm19_tmp3.0                          19   52.6    111     72     12.6       63.9
  t1_r1.25_s0_md33_sn0_lm17                    17   52.3    105     72     13.0       64.0
  t1_r1.625_s0_md33_sn0_lm19                   19   52.5    105     72     12.9       64.1
  t1_r1.5_s0_md33_sn0_lm19                     19   52.5    105     72     13.1       64.2
  t1_r1.625_lm17_tmp3.0                        17   52.9    129      2     12.6       64.3
  t2_r1.625_s0_md33_sn0_lm17                   17   52.3    105     72     13.6       64.5
  t1_r1.5_s0_md33_sn0_lm17                     17   52.3    105     72     13.7       64.6
  t1_r1.25_s0_md33_sn0_lm19                    19   52.7    105     72     13.8       65.1
  t2_r1.125_s0_md33_sn0_lm17                   17   52.5    105     72     14.0       65.1
  t1_r1.375_s0_md33_sn0_lm17                   17   52.4    105     72     14.6       65.5
  t1_r1.375_lm19_tmp3.0                        19   53.0    129      2     14.0       65.6
  t1_r1.25_lm17_tmp3.0                         17   52.6    111     72     14.9       65.9
  t2_r1.5_lm17_tmp3.0                          17   53.1    129      2     14.9       66.5
  t2_r1.75_s0_md33_sn0_lm17                    17   52.2    105     72     15.9       66.5
  t2_r1.25_lm17_tmp3.0                         17   54.5    174      6     13.7       66.9
  t1_r1.125_lm17_tmp3.0                        17   52.3    111     72     16.5       67.2
  t1_r1.625_lm19_tmp3.0                        19   53.1    129      2     15.8       67.3
  t1_r1.75_s0_md33_sn0_lm17                    17   52.3    105     72     16.8       67.4
  t2_r1.625_lm19_tmp3.0                        19   53.0    129      2     16.4       67.7
  t1_r1.125_lm19_tmp3.0                        19   54.0    135     72     21.4       73.2
  t2_r1.625_s0_md33_sn0_lm19                   19   65.0   1110      2     11.7       75.5
  t2_r1.5_lm19_tmp3.0                          19   65.0   2045     50     12.2       76.0
  t2_r1.375_s0_md33_sn0_lm19                   19   65.2   1110      2     12.1       76.1
  t2_r1.625_lm17_tmp3.0                        17   65.6   1117     72     12.0       76.4
  t2_r1.375_lm17_tmp3.0                        17   65.1   1117     72     12.9       76.7
  t2_r1.375_lm19_tmp3.0                        19   65.7   1117     72     12.4       76.8
  t1_r1.25_lm19_tmp3.0                         19   52.9    108     72     27.2       77.5
  t2_r1.25_s0_md33_sn0_lm19                    19   65.0   1110      2     14.6       78.1
  t2_r1.25_lm19_tmp3.0                         19   65.5   1117     72     15.0       79.0
  t2_r1.75_s0_md33_sn0_lm19                    19   77.5   2090     34     15.0       91.1
  t2_r1.75_s0_md33_sn0_lm23                    23   79.8   2119     18     18.1       96.1
  t2_r1.375_s0_md33_sn0_lm17                   17   89.8   3079     34     11.0       99.7
  t2_r1.125_s0_md33_sn0_lm19                   19   77.8   2090     34     28.9      103.8
  t2_r1.125_lm19_tmp3.0                        19   90.2   2090      2     15.5      104.2
  t2_r1.5_s0_md33_sn0_lm19                     19  102.5   4090     34     11.5      112.8
  t2_r1.25_s0_md33_sn0_lm17                    17  102.3   4047     32     13.2      114.2

  Winner: t2_r1.125_lm17_tmp3.0
    mean=52.9, max=129 at chord 2, spread=9.4, combined=61.4

==============================================================================
Chorale: bwv261  (suffix: -opt.npy, spread_weight: 0.9)
==============================================================================
  Directory                                    lm   Mean    Max  MaxCh   Spread   Combined
  ------------------------------------------   --  -----  -----  -----  -------  ---------
  t1_r1.125_s0_md33_sn0_lm17                   17   56.3    140     72     17.1       71.7 <-- BEST
  t1_r1.75_s0_md33_sn0_lm17                    17   56.7    145     72     17.6       72.6
  t1_r1.125_lm17_tmp3.0                        17   56.5    140     72     18.0       72.6
  t2_r1.125_s0_md33_sn0_lm17                   17   56.3    140     72     18.2       72.7
  t2_r1.5_s0_md33_sn0_lm17                     17   57.5    145     72     16.9       72.7
  t2_r1.75_s0_md33_sn0_lm17                    17   56.6    140     72     18.1       72.9
  t1_r1.75_s0_md33_sn0_lm19                    19   57.1    157     58     17.8       73.1
  t2_r1.25_s0_md33_sn0_lm17                    17   56.2    140     72     19.0       73.3
  t2_r1.75_s0_md33_sn0_lm19                    19   57.4    145     72     17.8       73.5
  t2_r1.125_lm17_tmp3.0                        17   56.6    140     72     18.8       73.6
  t2_r1.5_lm19_tmp3.0                          19   56.9    140     72     18.5       73.6
  t2_r1.375_s0_md33_sn0_lm17                   17   56.4    140     72     19.3       73.8
  t1_r1.375_s0_md33_sn0_lm17                   17   56.3    140     72     19.5       73.8
  t1_r1.125_s0_md33_sn0_lm19                   19   56.3    140     72     19.9       74.2
  t1_r1.5_s0_md33_sn0_lm19                     19   57.0    140     72     19.1       74.2
  t1_r1.25_s0_md33_sn0_lm19                    19   56.6    140     72     20.0       74.6
  t2_r1.25_s0_md33_sn0_lm19                    19   56.2    140     72     20.8       74.9
  t2_r1.375_lm17_tmp3.0                        17   56.8    140     72     20.3       75.0
  t1_r1.25_s0_md33_sn0_lm17                    17   56.0    140     72     21.2       75.1
  t1_r1.375_lm17_tmp3.0                        17   57.0    140     72     20.7       75.7
  t1_r1.625_s0_md33_sn0_lm17                   17   56.8    140     72     21.1       75.8
  t1_r1.625_lm17_tmp3.0                        17   56.8    140     72     21.6       76.3
  t1_r1.625_lm19_tmp3.0                        19   56.9    140     72     21.6       76.3
  t1_r1.625_s0_md33_sn0_lm19                   19   56.2    140     72     23.0       76.9
  t1_r1.375_lm19_tmp3.0                        19   57.1    140     72     22.1       77.0
  t2_r1.25_lm19_tmp3.0                         19   56.9    140     72     22.6       77.3
  t2_r1.625_lm17_tmp3.0                        17   57.0    140     72     23.4       78.0
  t1_r1.375_s0_md33_sn0_lm19                   19   57.2    140     72     23.2       78.1
  t1_r1.25_lm19_tmp3.0                         19   57.3    140     72     24.1       79.0
  t1_r1.125_lm19_tmp3.0                        19   57.8    140     72     23.6       79.1
  t2_r1.625_s0_md33_sn0_lm17                   17   63.5   1087    192     19.5       81.0
  t2_r1.375_s0_md33_sn0_lm19                   19   71.0   2176     72     17.0       86.3
  t1_r1.5_s0_md33_sn0_lm17                     17   70.9   2101    192     18.2       87.3
  t1_r1.5_lm17_tmp3.0                          17   71.1   2101    192     22.0       90.9
  t1_r1.5_lm19_tmp3.0                          19   79.2   3157     72     18.5       95.9
  t2_r1.125_s0_md33_sn0_lm19                   19   77.9   3079    160     20.8       96.6
  t2_r1.25_lm17_tmp3.0                         17   78.3   3089    194     22.4       98.5
  t1_r1.25_lm17_tmp3.0                         17   78.6   3075    194     24.2      100.4
  t2_r1.5_lm17_tmp3.0                          17   85.3   4087    192     18.8      102.2
  t2_r1.625_lm19_tmp3.0                        19   86.2   2119    232     22.6      106.6
  t2_r1.125_lm19_tmp3.0                        19   86.7   2119     80     22.9      107.4
  t2_r1.625_s0_md33_sn0_lm19                   19   99.4   4089    192     19.6      117.1
  t2_r1.375_lm19_tmp3.0                        19  101.5   2119    232     23.8      122.9
  t2_r1.75_s0_md33_sn0_lm23                    23  110.5   2135     72     20.7      129.1
  t2_r1.5_s0_md33_sn0_lm19                     19  128.6   4089    192     22.3      148.6

  Winner: t1_r1.125_s0_md33_sn0_lm17
    mean=56.3, max=140 at chord 72, spread=17.1, combined=71.7

==============================================================================
Chorale: bwv262  (suffix: -opt.npy, spread_weight: 0.9)
==============================================================================
  Directory                                    lm   Mean    Max  MaxCh   Spread   Combined
  ------------------------------------------   --  -----  -----  -----  -------  ---------
  t1_r1.625_s0_md33_sn0_lm17                   17   47.7    113     55      7.5       54.5 <-- BEST
  t1_r1.5_s0_md33_sn0_lm17                     17   47.7    115     55      7.9       54.9
  t2_r1.125_s0_md33_sn0_lm17                   17   47.7    113     55      8.2       55.1
  t2_r1.625_lm17_tmp3.0                        17   47.8    113     55      8.1       55.1
  t2_r1.25_lm19_tmp3.0                         19   47.8    113     55      8.3       55.2
  t1_r1.375_s0_md33_sn0_lm19                   19   47.8    113     55      8.3       55.3
  t1_r1.625_s0_md33_sn0_lm19                   19   47.8    113     55      8.6       55.6
  t2_r1.375_s0_md33_sn0_lm19                   19   47.9    113     55      8.5       55.6
  t1_r1.625_lm19_tmp3.0                        19   47.8    113     55      8.6       55.6
  t2_r1.25_s0_md33_sn0_lm17                    17   47.7    113     55      8.8       55.6
  t2_r1.375_lm17_tmp3.0                        17   47.8    113     55      8.7       55.6
  t1_r1.125_s0_md33_sn0_lm17                   17   47.8    113     55      8.7       55.7
  t1_r1.125_lm19_tmp3.0                        19   48.5    137    102      8.0       55.8
  t1_r1.375_lm19_tmp3.0                        19   47.8    115     55      8.9       55.8
  t2_r1.25_s0_md33_sn0_lm19                    19   47.8    113     55      9.0       55.8
  t1_r1.25_lm17_tmp3.0                         17   47.8    113     55      9.0       55.9
  t2_r1.375_s0_md33_sn0_lm17                   17   47.7    115    183      9.1       56.0
  t1_r1.5_lm19_tmp3.0                          19   48.1    113     55      8.7       56.0
  t1_r1.25_lm19_tmp3.0                         19   47.8    113     55      9.1       56.0
  t1_r1.25_s0_md33_sn0_lm19                    19   48.2    119    102      8.8       56.0
  t1_r1.5_s0_md33_sn0_lm19                     19   47.8    113     55      9.3       56.2
  t1_r1.125_lm17_tmp3.0                        17   47.9    115    183      9.2       56.3
  t2_r1.125_lm17_tmp3.0                        17   47.9    113     55      9.3       56.3
  t2_r1.5_lm17_tmp3.0                          17   47.8    115    183      9.4       56.3
  t2_r1.375_lm19_tmp3.0                        19   47.8    113     55      9.5       56.3
  t2_r1.625_s0_md33_sn0_lm17                   17   47.7    113     55      9.6       56.4
  t1_r1.375_lm17_tmp3.0                        17   47.8    113     55      9.7       56.5
  t1_r1.25_s0_md33_sn0_lm17                    17   47.8    113     55      9.7       56.5
  t2_r1.5_lm19_tmp3.0                          19   47.8    113     55      9.8       56.6
  t1_r1.5_lm17_tmp3.0                          17   47.8    113     55      9.8       56.6
  t2_r1.125_s0_md33_sn0_lm19                   19   47.7    113     55      9.9       56.6
  t2_r1.75_s0_md33_sn0_lm19                    19   47.6    113     55     10.0       56.6
  t2_r1.75_s0_md33_sn0_lm17                    17   47.6    113     55     10.2       56.8
  t2_r1.5_s0_md33_sn0_lm19                     19   47.9    113     55      9.9       56.9
  t2_r1.5_s0_md33_sn0_lm17                     17   47.7    113     55     10.2       56.9
  t1_r1.625_lm17_tmp3.0                        17   47.8    115    183     10.2       57.0
  t2_r1.25_lm17_tmp3.0                         17   48.4    113     55      9.7       57.1
  t2_r1.125_lm19_tmp3.0                        19   48.5    137    102      9.5       57.1
  t1_r1.375_s0_md33_sn0_lm17                   17   47.7    113     55     10.5       57.2
  t1_r1.75_s0_md33_sn0_lm17                    17   47.5     93     55     10.9       57.2
  t2_r1.625_s0_md33_sn0_lm19                   19   47.7    113     55     10.7       57.3
  t1_r1.125_s0_md33_sn0_lm19                   19   47.8    115     55     10.9       57.6
  t1_r1.75_s0_md33_sn0_lm19                    19   47.8    113    183     11.3       57.9
  t2_r1.625_lm19_tmp3.0                        19   48.9    125     48     11.6       59.3
  t2_r1.75_s0_md33_sn0_lm23                    23  127.5   4043     20     12.1      138.4

  Winner: t1_r1.625_s0_md33_sn0_lm17
    mean=47.7, max=113 at chord 55, spread=7.5, combined=54.5

==============================================================================
Chorale: bwv263  (suffix: -opt.npy, spread_weight: 0.9)
==============================================================================
  Directory                                    lm   Mean    Max  MaxCh   Spread   Combined
  ------------------------------------------   --  -----  -----  -----  -------  ---------
  t1_r1.125_lm17_tmp3.0                        17   49.9    140    104      9.2       58.2 <-- BEST
  t1_r1.375_lm17_tmp3.0                        17   49.9    140    104      9.7       58.7
  t2_r1.5_lm17_tmp3.0                          17   49.9    140    104      9.8       58.7
  t2_r1.25_lm17_tmp3.0                         17   49.9    140    104      9.8       58.7
  t1_r1.125_lm19_tmp3.0                        19   49.9    140    104     10.5       59.4
  t2_r1.125_lm17_tmp3.0                        17   49.9    140    104     10.6       59.5
  t2_r1.375_lm17_tmp3.0                        17   49.9    140    104     11.0       59.8
  t2_r1.375_lm19_tmp3.0                        19   49.9    140    104     11.0       59.8
  t1_r1.25_s0_md33_sn0_lm19                    19   49.9    140    104     11.1       59.9
  t1_r1.5_lm17_tmp3.0                          17   49.9    140    104     11.5       60.2
  t1_r1.375_s0_md33_sn0_lm19                   19   49.7    140    104     11.9       60.4
  t1_r1.625_s0_md33_sn0_lm17                   17   49.8    140    104     11.9       60.6
  t1_r1.25_lm17_tmp3.0                         17   50.7    140    104     11.6       61.1
  t2_r1.75_s0_md33_sn0_lm19                    19   49.9    140    104     13.5       62.1
  t1_r1.125_s0_md33_sn0_lm17                   17   50.0    140    104     15.0       63.5
  t1_r1.5_s0_md33_sn0_lm19                     19   50.2    140    104     15.0       63.7
  t2_r1.75_s0_md33_sn0_lm17                    17   49.6    140    104     16.0       64.0
  t2_r1.625_s0_md33_sn0_lm17                   17   50.3    145    104     17.2       65.8
  t1_r1.25_s0_md33_sn0_lm17                    17   50.2    140    104     17.9       66.3
  t1_r1.5_lm19_tmp3.0                          19   50.2    140    104     18.7       67.0
  t2_r1.625_lm17_tmp3.0                        17   50.2    140    104     18.8       67.2
  t2_r1.125_s0_md33_sn0_lm19                   19   50.4    140    104     18.9       67.5
  t1_r1.25_lm19_tmp3.0                         19   50.2    140    104     19.2       67.5
  t2_r1.25_lm19_tmp3.0                         19   50.2    140    104     20.2       68.4
  t1_r1.625_lm19_tmp3.0                        19   50.2    140    104     20.5       68.7
  t2_r1.375_s0_md33_sn0_lm17                   17   50.6    140    104     20.2       68.7
  t2_r1.125_lm19_tmp3.0                        19   50.2    140    104     20.6       68.7
  t1_r1.625_lm17_tmp3.0                        17   50.2    140    104     20.6       68.7
  t1_r1.125_s0_md33_sn0_lm19                   19   50.1    140    104     20.8       68.8
  t2_r1.125_s0_md33_sn0_lm17                   17   60.5   1110     42     10.3       69.8
  t1_r1.375_lm19_tmp3.0                        19   50.2    140    104     22.3       70.3
  t2_r1.25_s0_md33_sn0_lm19                    19   49.9    140    104     23.0       70.6
  t1_r1.75_s0_md33_sn0_lm19                    19   50.1    140    104     23.5       71.2
  t2_r1.25_s0_md33_sn0_lm17                    17   60.6   1110     42     12.0       71.4
  t1_r1.75_s0_md33_sn0_lm17                    17   49.8    140    104     25.5       72.8
  t2_r1.75_s0_md33_sn0_lm23                    23   50.4    140    104     26.0       73.8
  t1_r1.375_s0_md33_sn0_lm17                   17   49.9    140    104     27.0       74.2
  t1_r1.625_s0_md33_sn0_lm19                   19   49.6    140    104     28.0       74.8
  t2_r1.5_lm19_tmp3.0                          19   60.7   1043     20     16.6       75.6
  t1_r1.5_s0_md33_sn0_lm17                     17   50.1    140    104     29.0       76.2
  t2_r1.5_s0_md33_sn0_lm17                     17   60.8   1110     42     19.6       78.4
  t2_r1.625_s0_md33_sn0_lm19                   19   60.3   1110     42     33.0       90.0
  t2_r1.5_s0_md33_sn0_lm19                     19   81.0   3043    148     28.5      106.6
  t2_r1.625_lm19_tmp3.0                        19  113.2   4045     78     16.0      127.6
  t2_r1.375_s0_md33_sn0_lm19                   19  133.0   3043     60     25.5      156.0

  Winner: t1_r1.125_lm17_tmp3.0
    mean=49.9, max=140 at chord 104, spread=9.2, combined=58.2

==============================================================================
Chorale: bwv264  (suffix: -opt.npy, spread_weight: 0.9)
==============================================================================
  Directory                                    lm   Mean    Max  MaxCh   Spread   Combined
  ------------------------------------------   --  -----  -----  -----  -------  ---------
  t2_r1.625_s0_md33_sn0_lm19                   19   48.2    140    110      7.5       55.0 <-- BEST
  t2_r1.25_lm19_tmp3.0                         19   48.5    130    110      7.4       55.2
  t1_r1.625_s0_md33_sn0_lm17                   17   48.0    105    110      8.1       55.2
  t1_r1.25_lm17_tmp3.0                         17   48.6    130    110      7.7       55.5
  t2_r1.25_s0_md33_sn0_lm17                    17   48.2    104    110      8.6       55.9
  t2_r1.5_s0_md33_sn0_lm17                     17   48.2    104    110      8.6       55.9
  t1_r1.5_s0_md33_sn0_lm19                     19   48.4    130    110      8.5       56.1
  t1_r1.25_lm19_tmp3.0                         19   48.1    140    110      8.9       56.1
  t1_r1.5_lm19_tmp3.0                          19   48.2    140    110      8.8       56.2
  t2_r1.25_lm17_tmp3.0                         17   48.6    130    110      8.4       56.2
  t2_r1.375_s0_md33_sn0_lm19                   19   48.3    124    110      8.8       56.2
  t1_r1.125_s0_md33_sn0_lm17                   17   48.0    105    110      9.3       56.4
  t1_r1.375_lm17_tmp3.0                        17   48.0    105    110      9.4       56.5
  t2_r1.5_lm19_tmp3.0                          19   48.0    105    110      9.5       56.5
  t1_r1.125_lm17_tmp3.0                        17   48.6    127    110      8.9       56.6
  t2_r1.375_lm19_tmp3.0                        19   48.6    130    110      9.1       56.8
  t2_r1.625_lm19_tmp3.0                        19   48.6    130    110      9.1       56.8
  t1_r1.625_lm19_tmp3.0                        19   48.6    130    110      9.2       56.8
  t1_r1.625_lm17_tmp3.0                        17   48.4    125    111      9.4       56.8
  t1_r1.625_s0_md33_sn0_lm19                   19   48.1    108    110      9.7       56.8
  t2_r1.75_s0_md33_sn0_lm17                    17   48.0    105    110      9.9       56.9
  t1_r1.125_lm19_tmp3.0                        19   48.2    140    110      9.8       57.1
  t2_r1.375_lm17_tmp3.0                        17   48.5    130    110      9.6       57.2
  t1_r1.25_s0_md33_sn0_lm19                    19   48.6    130    110      9.7       57.3
  t1_r1.5_lm17_tmp3.0                          17   48.6    127    110      9.7       57.3
  t1_r1.375_s0_md33_sn0_lm19                   19   48.2    108    110     10.2       57.4
  t1_r1.125_s0_md33_sn0_lm19                   19   48.9    148    110      9.4       57.4
  t2_r1.125_lm19_tmp3.0                        19   48.1    127    110     10.6       57.6
  t1_r1.25_s0_md33_sn0_lm17                    17   48.3    150    110     10.5       57.7
  t1_r1.75_s0_md33_sn0_lm19                    19   48.2    111    110     10.8       57.9
  t1_r1.375_lm19_tmp3.0                        19   49.4    171    106      9.6       58.0
  t2_r1.375_s0_md33_sn0_lm17                   17   48.2    111    110     11.1       58.3
  t1_r1.5_s0_md33_sn0_lm17                     17   48.2    148    110     11.5       58.6
  t2_r1.625_s0_md33_sn0_lm17                   17   49.2    130    110     10.4       58.6
  t1_r1.375_s0_md33_sn0_lm17                   17   48.5    119    111     11.5       58.9
  t1_r1.75_s0_md33_sn0_lm17                    17   48.2    111    110     14.4       61.2
  t2_r1.125_lm17_tmp3.0                        17   54.9   1135    110      9.5       63.5
  t2_r1.75_s0_md33_sn0_lm19                    19   54.9   1135    110     10.8       64.6
  t2_r1.125_s0_md33_sn0_lm19                   19   55.4   1143    110     11.1       65.4
  t2_r1.625_lm17_tmp3.0                        17   54.8   1135    110     12.5       66.1
  t2_r1.5_lm17_tmp3.0                          17   54.8   1135    110     15.5       68.8
  t2_r1.25_s0_md33_sn0_lm19                    19   61.7   2138    110      8.9       69.7
  t2_r1.75_s0_md33_sn0_lm23                    23   62.0   2121    103     10.1       71.1
  t2_r1.125_s0_md33_sn0_lm17                   17   68.3   3062    111     23.5       89.4
  t2_r1.5_s0_md33_sn0_lm19                     19  102.1   4045     12      8.8      110.1

  Winner: t2_r1.625_s0_md33_sn0_lm19
    mean=48.2, max=140 at chord 110, spread=7.5, combined=55.0

==============================================================================

Run with --render to produce audio for the winners.
