
==============================================================================
Chorale: bwv253  (suffix: -trans-sa-opt.npy, spread_weight: 0.95)
==============================================================================
  Directory                                    lm   Mean    Max  MaxCh   Spread   Combined
  ------------------------------------------   --  -----  -----  -----  -------  ---------
  t1_r1.125_s0_md33_sn0_lm17                   17   48.9     90    122     12.4       60.7 <-- BEST
  t2_r1.5_s0_md33_sn0_lm19                     19   48.9     90    122     12.4       60.7
  t2_r1.625_s0_md33_sn0_lm19                   19   48.9     90    122     12.4       60.7
  t1_r1.25_s0_md33_sn0_lm17                    17   48.9     90    122     12.4       60.7
  t1_r1.5_s0_md33_sn0_lm19                     19   48.9     90    122     12.4       60.7
  t2_r1.5_s0_md33_sn0_lm17                     17   48.9     90    122     12.5       60.8
  t2_r1.25_s0_md33_sn0_lm17                    17   49.0     90    122     12.4       60.9
  t1_r1.375_s0_md33_sn0_lm17                   17   49.1     93    126     12.4       60.9
  t1_r1.375_s0_md33_sn0_lm19                   19   49.1     93    126     12.4       60.9
  t1_r1.5_s0_md33_sn0_lm17                     17   49.1     93    126     12.4       60.9
  t1_r1.625_s0_md33_sn0_lm17                   17   49.1     93    126     12.4       60.9
  t2_r1.375_s0_md33_sn0_lm17                   17   49.1     93    126     12.4       60.9
  t1_r1.75_s0_md33_sn0_lm19                    19   49.1     93    126     12.4       61.0
  t2_r1.25_s0_md33_sn0_lm19                    19   49.1     93    126     12.4       61.0
  t2_r1.75_s0_md33_sn0_lm19                    19   49.1     93    126     12.4       61.0
  t1_r1.125_s0_md33_sn0_lm19                   19   49.3     93    126     12.4       61.1
  t1_r1.625_s0_md33_sn0_lm19                   19   49.3     93    126     12.4       61.2
  t1_r1.25_s0_md33_sn0_lm19                    19   49.1     93    126     12.7       61.2
  t2_r1.375_s0_md33_sn0_lm19                   19   49.1     93    126     12.9       61.3
  t2_r1.125_s0_md33_sn0_lm17                   17   49.3     93    126     12.7       61.3
  t2_r1.75_s0_md33_sn0_lm17                    17   49.1     90    122     13.3       61.7
  t1_r1.75_s0_md33_sn0_lm17                    17   48.9     90    122     14.5       62.7
  t1_r1.50_s1.25_md33_sn0_lm23                 23   49.6     96     22     14.1       63.0
  t2_r1.125_s0_md33_sn0_lm19                   19   74.3   2110    126     12.4       86.2
  t2_r1.625_s0_md33_sn0_lm17                   17   86.4   3047    128     12.5       98.3
  t2_r1.75_s0_md33_sn0_lm23                    23   87.3   3109     22     15.7      102.2

  Winner: t1_r1.125_s0_md33_sn0_lm17
    mean=48.9, max=90 at chord 122, spread=12.4, combined=60.7

==============================================================================
Chorale: bwv254  (suffix: -trans-sa-opt.npy, spread_weight: 0.95)
==============================================================================
  Directory                                    lm   Mean    Max  MaxCh   Spread   Combined
  ------------------------------------------   --  -----  -----  -----  -------  ---------
  t1_r1.625_s0_md33_sn0_lm17                   17   55.6    163    160     12.3       67.3 <-- BEST
  t1_r1.25_s0_md33_sn0_lm19                    19   55.6    146    160     13.8       68.7
  t1_r1.375_s0_md33_sn0_lm17                   17   55.2    145    158     14.2       68.7
  t1_r1.125_s0_md33_sn0_lm19                   19   54.7    140    158     14.8       68.7
  t1_r1.125_s0_md33_sn0_lm17                   17   55.8    163    160     14.3       69.4
  t1_r1.75_s0_md33_sn0_lm17                    17   54.8    140    158     16.2       70.1
  t1_r1.5_s0_md33_sn0_lm17                     17   56.1    163    160     15.3       70.6
  t1_r1.375_s0_md33_sn0_lm19                   19   55.6    146    160     16.3       71.0
  t1_r1.625_s0_md33_sn0_lm19                   19   55.9    162    160     16.1       71.2
  t1_r1.75_s0_md33_sn0_lm19                    19   55.5    146    160     20.8       75.3
  t2_r1.75_s0_md33_sn0_lm17                    17   65.9   1123    158     12.9       78.2
  t2_r1.25_s0_md33_sn0_lm17                    17   66.0   1123    158     13.7       79.0
  t2_r1.375_s0_md33_sn0_lm19                   19   66.0   1123    158     13.8       79.0
  t2_r1.75_s0_md33_sn0_lm19                    19   65.9   1123    158     14.5       79.7
  t2_r1.625_s0_md33_sn0_lm19                   19   65.8   1123    158     14.7       79.7
  t2_r1.125_s0_md33_sn0_lm17                   17   66.2   1123    158     14.3       79.7
  t2_r1.5_s0_md33_sn0_lm17                     17   66.0   1123    158     14.5       79.7
  t1_r1.5_s0_md33_sn0_lm19                     19   67.4   1213    158     13.5       80.2
  t1_r1.25_s0_md33_sn0_lm17                    17   67.0   1118    160     14.9       81.1
  t2_r1.375_s0_md33_sn0_lm17                   17   89.7   2135    160     14.2      103.2
  t2_r1.25_s0_md33_sn0_lm19                    19   89.6   2119    148     14.9      103.8
  t2_r1.125_s0_md33_sn0_lm19                   19   90.6   2122    160     14.7      104.5
  t2_r1.5_s0_md33_sn0_lm19                     19   90.3   2122    160     15.2      104.7
  t2_r1.625_s0_md33_sn0_lm17                   17   89.8   2119    148     16.2      105.2
  t2_r1.75_s0_md33_sn0_lm23                    23  104.2   3142    156     14.6      118.1

  Winner: t1_r1.625_s0_md33_sn0_lm17
    mean=55.6, max=163 at chord 160, spread=12.3, combined=67.3

==============================================================================
Chorale: bwv255  (suffix: -trans-sa-opt.npy, spread_weight: 0.95)
==============================================================================
  Directory                                    lm   Mean    Max  MaxCh   Spread   Combined
  ------------------------------------------   --  -----  -----  -----  -------  ---------
  t2_r1.375_s0_md33_sn0_lm19                   19   50.8     82     42     12.5       62.6 <-- BEST
  t4_r1.75_s0_md33_sn0_lm19                    19   50.8     82     42     14.0       64.1
  t2_r1.25_s0_md33_sn0_lm17                    17   50.9     82     42     14.5       64.7
  t1_r1.25_s0_md33_sn0_lm17                    17   50.8     82     42     14.7       64.8
  t1_r1.375_s0_md33_sn0_lm17                   17   50.9     82     42     14.6       64.8
  t1_r1.125_s0_md33_sn0_lm17                   17   50.9     82     42     14.9       65.1
  t2_r1.375_s0_md33_sn0_lm17                   17   50.8     82     42     15.1       65.1
  t2_r1.625_s0_md33_sn0_lm17                   17   50.9     82     42     15.0       65.2
  t1_r1.5_s0_md33_sn0_lm19                     19   50.8     82     42     15.7       65.7
  t1_r1.125_s0_md33_sn0_lm19                   19   50.9     82     42     15.6       65.7
  t1_r1.75_s0_md33_sn0_lm17                    17   50.8     82     42     16.5       66.4
  t1_r1.5_s0_md33_sn0_lm17                     17   50.9     82     42     16.3       66.4
  t2_r1.625_s0_md33_sn0_lm19                   19   50.9     82     42     16.5       66.5
  t2_r1.75_s0_md33_sn0_lm17                    17   50.8     82     42     16.6       66.6
  t2_r1.75_s0_md33_sn0_lm23                    23   51.2     96     88     16.2       66.7
  t2_r1.25_s0_md33_sn0_lm19                    19   50.9     82     42     16.9       66.9
  t1_r1.625_s0_md33_sn0_lm19                   19   50.9     82     42     17.1       67.2
  t1_r1.625_s0_md33_sn0_lm17                   17   50.9     82     42     17.2       67.3
  t2_r1.5_s0_md33_sn0_lm17                     17   50.9     82     42     17.5       67.6
  t2_r1.75_s0_md33_sn0_lm19                    19   50.8     82     42     18.3       68.1
  t1_r1.375_s0_md33_sn0_lm19                   19   52.6    125    100     18.3       70.0
  t1_r1.75_s0_md33_sn0_lm19                    19   50.8     82     42     20.5       70.3
  t2_r1.125_s0_md33_sn0_lm19                   19   51.2     82     42     20.1       70.3
  t1_r1.25_s0_md33_sn0_lm19                    19   50.9     82     42     20.9       70.8
  t2_r1.125_s0_md33_sn0_lm17                   17   82.1   2049     20     16.6       97.8
  t2_r1.5_s0_md33_sn0_lm19                     19   82.2   2047     40     18.1       99.4

  Winner: t2_r1.375_s0_md33_sn0_lm19
    mean=50.8, max=82 at chord 42, spread=12.5, combined=62.6

==============================================================================
Chorale: bwv256  (suffix: -trans-sa-opt.npy, spread_weight: 0.95)
==============================================================================
  Directory                                    lm   Mean    Max  MaxCh   Spread   Combined
  ------------------------------------------   --  -----  -----  -----  -------  ---------
  t1_r1.625_s0_md33_sn0_lm19                   19   53.9    140    138     13.7       66.9 <-- BEST
  t1_r1.375_s0_md33_sn0_lm17                   17   54.1    140    138     13.7       67.1
  t2_r1.75_s0_md33_sn0_lm17                    17   53.9    140    138     15.1       68.2
  t1_r1.5_s0_md33_sn0_lm17                     17   54.7    140    138     14.7       68.6
  t2_r1.625_s0_md33_sn0_lm17                   17   53.9    140    138     15.7       68.8
  t2_r1.5_s0_md33_sn0_lm17                     17   54.1    140    138     16.2       69.5
  t1_r1.75_s0_md33_sn0_lm17                    17   54.1    140    138     16.5       69.8
  t1_r1.25_s0_md33_sn0_lm17                    17   54.1    140    138     16.6       69.8
  t2_r1.375_s0_md33_sn0_lm19                   19   53.9    140    138     17.0       70.0
  t1_r1.125_s0_md33_sn0_lm19                   19   54.9    140    138     16.4       70.5
  t1_r1.625_s0_md33_sn0_lm17                   17   54.1    140    138     17.4       70.6
  t2_r1.5_s0_md33_sn0_lm19                     19   54.1    140    138     17.4       70.6
  t2_r1.125_s0_md33_sn0_lm19                   19   54.8    140    138     16.7       70.7
  t1_r1.25_s0_md33_sn0_lm19                    19   53.9    140    138     18.2       71.2
  t2_r1.375_s0_md33_sn0_lm17                   17   53.9    140    138     18.2       71.2
  t1_r1.375_s0_md33_sn0_lm19                   19   54.1    140    138     18.0       71.2
  t2_r1.25_s0_md33_sn0_lm19                    19   54.9    140    138     17.3       71.4
  t2_r1.625_s0_md33_sn0_lm19                   19   54.7    140    138     18.0       71.8
  t2_r1.125_s0_md33_sn0_lm17                   17   54.2    140    138     19.6       72.8
  t2_r1.25_s0_md33_sn0_lm17                    17   55.2    140    138     18.9       73.1
  t2_r1.75_s0_md33_sn0_lm19                    19   54.1    140    138     20.6       73.7
  t1_r1.75_s0_md33_sn0_lm19                    19   54.1    140    138     20.8       73.9
  t1_r1.5_s0_md33_sn0_lm19                     19   54.1    140    138     21.7       74.7
  t1_r1.125_s0_md33_sn0_lm17                   17   53.9    140    138     22.1       74.9
  t2_r1.75_s0_md33_sn0_lm23                    23   75.9   2115    116     21.9       96.7

  Winner: t1_r1.625_s0_md33_sn0_lm19
    mean=53.9, max=140 at chord 138, spread=13.7, combined=66.9

==============================================================================
Chorale: bwv257  (suffix: -trans-sa-opt.npy, spread_weight: 0.95)
==============================================================================
  Directory                                    lm   Mean    Max  MaxCh   Spread   Combined
  ------------------------------------------   --  -----  -----  -----  -------  ---------
  t1_r1.375_s0_md33_sn0_lm17                   17   57.0    140    128     19.1       75.1 <-- BEST
  t1_r1.75_s0_md33_sn0_lm17                    17   57.9    140    128     19.0       76.0
  t1_r1.25_s0_md33_sn0_lm19                    19   57.5    140    128     20.2       76.7
  t1_r1.375_s0_md33_sn0_lm19                   19   57.5    140    128     20.8       77.3
  t1_r1.5_s0_md33_sn0_lm19                     19   58.3    140    128     20.2       77.5
  t1_r1.625_s0_md33_sn0_lm17                   17   57.5    140    128     21.2       77.6
  t1_r1.25_s0_md33_sn0_lm17                    17   57.5    140    128     21.3       77.7
  t1_r1.625_s0_md33_sn0_lm19                   19   57.8    140    128     21.1       77.9
  t1_r1.125_s0_md33_sn0_lm17                   17   57.8    140    128     22.3       79.0
  t1_r1.5_s0_md33_sn0_lm17                     17   57.5    140    128     23.8       80.1
  t1_r1.75_s0_md33_sn0_lm19                    19   58.6    145    128     24.4       81.8
  t1_r1.125_s0_md33_sn0_lm19                   19   70.5   1067     12     22.2       91.6
  t2_r1.5_s0_md33_sn0_lm17                     17   81.8   1123    128     21.4      102.1
  t2_r1.375_s0_md33_sn0_lm17                   17   81.8   1123    128     21.6      102.3
  t2_r1.25_s0_md33_sn0_lm17                    17   81.8   1123    128     22.2      102.9
  t2_r1.125_s0_md33_sn0_lm17                   17   82.0   1123    128     22.3      103.2
  t2_r1.5_s0_md33_sn0_lm19                     19   83.8   1123    128     21.0      103.7
  t2_r1.625_s0_md33_sn0_lm19                   19   82.1   1123    128     23.1      104.1
  t2_r1.75_s0_md33_sn0_lm17                    17   81.9   1123    128     23.6      104.3
  t2_r1.25_s0_md33_sn0_lm19                    19   84.6   1123    128     22.8      106.3
  t2_r1.75_s0_md33_sn0_lm23                    23   96.8   1123    128     17.7      113.6
  t2_r1.75_s0_md33_sn0_lm19                    19   95.3   1123    128     25.9      119.9
  t2_r1.625_s0_md33_sn0_lm17                   17  119.5   3113     10     25.3      143.6
  t2_r1.125_s0_md33_sn0_lm19                   19  132.1   4049     16     22.2      153.1
  t2_r1.375_s0_md33_sn0_lm19                   19  132.3   4047     96     24.1      155.2

  Winner: t1_r1.375_s0_md33_sn0_lm17
    mean=57.0, max=140 at chord 128, spread=19.1, combined=75.1

==============================================================================
Chorale: bwv258  (suffix: -trans-sa-opt.npy, spread_weight: 0.95)
==============================================================================
  Directory                                    lm   Mean    Max  MaxCh   Spread   Combined
  ------------------------------------------   --  -----  -----  -----  -------  ---------
  t1_r1.125_s0_md33_sn0_lm19                   19   58.6    140     80     15.6       73.4 <-- BEST
  t1_r1.375_s0_md33_sn0_lm17                   17   57.8    140     80     16.7       73.6
  t1_r1.25_s0_md33_sn0_lm17                    17   58.3    140     80     16.8       74.2
  t1_r1.5_s0_md33_sn0_lm19                     19   59.8    140     80     16.1       75.1
  t1_r1.75_s0_md33_sn0_lm17                    17   57.8    140     80     18.4       75.2
  t1_r1.25_s0_md33_sn0_lm19                    19   59.0    140     80     17.2       75.3
  t1_r1.75_s0_md33_sn0_lm19                    19   57.9    145     80     18.7       75.7
  t1_r1.125_s0_md33_sn0_lm17                   17   57.8    140     80     19.2       76.0
  t1_r1.5_s0_md33_sn0_lm17                     17   58.9    140     80     18.1       76.1
  t1_r1.625_s0_md33_sn0_lm19                   19   60.4    140     80     16.6       76.2
  t1_r1.375_s0_md33_sn0_lm19                   19   59.2    140     80     18.3       76.6
  t1_r1.625_s0_md33_sn0_lm17                   17   57.8    140     80     20.4       77.1
  t2_r1.25_s0_md33_sn0_lm19                    19   82.6   1123     80     18.7      100.3
  t2_r1.625_s0_md33_sn0_lm19                   19   82.6   1123     80     18.6      100.3
  t2_r1.375_s0_md33_sn0_lm17                   17   83.1   1123     80     18.6      100.8
  t2_r1.75_s0_md33_sn0_lm17                    17   82.4   1123     80     19.5      100.9
  t2_r1.5_s0_md33_sn0_lm17                     17   82.9   1123     80     19.2      101.1
  t2_r1.75_s0_md33_sn0_lm19                    19   82.7   1123     80     19.5      101.2
  t2_r1.5_s0_md33_sn0_lm19                     19   82.9   1123     80     19.9      101.7
  t2_r1.375_s0_md33_sn0_lm19                   19   82.6   1123     80     20.5      102.1
  t2_r1.625_s0_md33_sn0_lm17                   17   82.6   1123     80     20.9      102.5
  t2_r1.125_s0_md33_sn0_lm17                   17   82.6   1123     80     21.9      103.4
  t2_r1.75_s0_md33_sn0_lm23                    23   84.8   1135     88     20.0      103.8
  t2_r1.25_s0_md33_sn0_lm17                    17   84.5   1123     80     21.9      105.3
  t2_r1.125_s0_md33_sn0_lm19                   19  120.6   3090    102     19.9      139.5

  Winner: t1_r1.125_s0_md33_sn0_lm19
    mean=58.6, max=140 at chord 80, spread=15.6, combined=73.4

==============================================================================
Chorale: bwv259  (suffix: -trans-sa-opt.npy, spread_weight: 0.95)
==============================================================================
  Directory                                    lm   Mean    Max  MaxCh   Spread   Combined
  ------------------------------------------   --  -----  -----  -----  -------  ---------
  t2_r1.25_s0_md33_sn0_lm19                    19   53.4    104     74     11.0       63.8 <-- BEST
  t1_r1.625_s0_md33_sn0_lm19                   19   53.4    104     74     11.8       64.5
  t2_r1.75_s0_md33_sn0_lm17                    17   53.3    104     74     12.0       64.7
  t1_r1.75_s0_md33_sn0_lm17                    17   53.2    104     74     12.3       64.8
  t2_r1.125_s0_md33_sn0_lm19                   19   53.4    104     74     12.7       65.4
  t1_r1.375_s0_md33_sn0_lm17                   17   53.4    104     74     12.7       65.5
  t2_r1.5_s0_md33_sn0_lm19                     19   53.4    104     74     13.1       65.8
  t1_r1.375_s0_md33_sn0_lm19                   19   53.6    104     74     13.2       66.1
  t1_r1.75_s0_md33_sn0_lm19                    19   53.5    104     74     13.3       66.1
  t1_r1.125_s0_md33_sn0_lm19                   19   53.4    104     74     13.6       66.2
  t2_r1.125_s0_md33_sn0_lm17                   17   53.4    104     74     13.6       66.3
  t1_r1.625_s0_md33_sn0_lm17                   17   53.5    104     74     13.5       66.3
  t2_r1.375_s0_md33_sn0_lm17                   17   53.4    104     74     14.4       67.0
  t1_r1.25_s0_md33_sn0_lm19                    19   53.4    104     74     14.6       67.2
  t2_r1.25_s0_md33_sn0_lm17                    17   53.4    104     74     14.6       67.2
  t1_r1.5_s0_md33_sn0_lm17                     17   53.4    104     74     14.6       67.3
  t2_r1.5_s0_md33_sn0_lm17                     17   53.9    125    166     14.3       67.4
  t2_r1.625_s0_md33_sn0_lm19                   19   53.4    104     74     15.5       68.1
  t2_r1.375_s0_md33_sn0_lm19                   19   53.3    104     74     16.1       68.7
  t1_r1.5_s0_md33_sn0_lm19                     19   53.6    104     74     16.3       69.1
  t1_r1.25_s0_md33_sn0_lm17                    17   53.6    104     74     16.7       69.5
  t1_r1.125_s0_md33_sn0_lm17                   17   55.3    119    172     16.9       71.4
  t2_r1.625_s0_md33_sn0_lm17                   17   64.0   1060     72     16.8       80.0
  t2_r1.75_s0_md33_sn0_lm23                    23   72.6   1146     66     18.7       90.4
  t2_r1.75_s0_md33_sn0_lm19                    19   84.7   3045    148     16.8      100.6

  Winner: t2_r1.25_s0_md33_sn0_lm19
    mean=53.4, max=104 at chord 74, spread=11.0, combined=63.8

==============================================================================
Chorale: bwv260  (suffix: -trans-sa-opt.npy, spread_weight: 0.95)
==============================================================================
  Directory                                    lm   Mean    Max  MaxCh   Spread   Combined
  ------------------------------------------   --  -----  -----  -----  -------  ---------
  t2_r1.5_s0_md33_sn0_lm17                     17   52.3    105     72     10.5       62.2 <-- BEST
  t1_r1.125_s0_md33_sn0_lm17                   17   52.3    105     72     10.6       62.3
  t1_r1.125_s0_md33_sn0_lm19                   19   52.3    105     72     10.7       62.5
  t1_r1.75_s0_md33_sn0_lm17                    17   52.3    105     72     10.9       62.6
  t1_r1.625_s0_md33_sn0_lm17                   17   52.2    105     72     11.1       62.7
  t1_r1.5_s0_md33_sn0_lm17                     17   52.3    105     72     11.1       62.8
  t1_r1.625_s0_md33_sn0_lm19                   19   52.5    105     72     11.0       62.9
  t1_r1.25_s0_md33_sn0_lm17                    17   52.3    105     72     11.2       63.0
  t2_r1.625_s0_md33_sn0_lm17                   17   52.3    105     72     11.2       63.0
  t1_r1.375_s0_md33_sn0_lm19                   19   52.5    105     72     11.4       63.3
  t2_r1.125_s0_md33_sn0_lm17                   17   52.5    105     72     12.0       63.9
  t1_r1.375_s0_md33_sn0_lm17                   17   52.4    105     72     12.2       64.0
  t1_r1.5_s0_md33_sn0_lm19                     19   52.5    105     72     12.2       64.1
  t1_r1.25_s0_md33_sn0_lm19                    19   52.7    105     72     12.2       64.3
  t1_r1.75_s0_md33_sn0_lm19                    19   52.4    105     72     12.9       64.7
  t2_r1.75_s0_md33_sn0_lm17                    17   52.2    105     72     13.2       64.8
  t2_r1.625_s0_md33_sn0_lm19                   19   65.0   1110      2     10.5       75.0
  t2_r1.375_s0_md33_sn0_lm19                   19   65.2   1110      2     10.5       75.2
  t2_r1.25_s0_md33_sn0_lm19                    19   65.0   1110      2     13.0       77.3
  t2_r1.75_s0_md33_sn0_lm19                    19   77.5   2090     34     16.4       93.1
  t2_r1.75_s0_md33_sn0_lm23                    23   79.8   2119     18     19.7       98.5
  t2_r1.375_s0_md33_sn0_lm17                   17   89.8   3079     34     10.8      100.1
  t2_r1.125_s0_md33_sn0_lm19                   19   77.8   2090     34     30.5      106.8
  t2_r1.5_s0_md33_sn0_lm19                     19  102.5   4090     34     10.1      112.1
  t2_r1.25_s0_md33_sn0_lm17                    17  102.3   4047     32     11.6      113.3

  Winner: t2_r1.5_s0_md33_sn0_lm17
    mean=52.3, max=105 at chord 72, spread=10.5, combined=62.2

==============================================================================
Chorale: bwv261  (suffix: -trans-sa-opt.npy, spread_weight: 0.95)
==============================================================================
  Directory                                    lm   Mean    Max  MaxCh   Spread   Combined
  ------------------------------------------   --  -----  -----  -----  -------  ---------
  t1_r1.125_s0_md33_sn0_lm17                   17   56.3    140     72     17.2       72.6 <-- BEST
  t2_r1.125_s0_md33_sn0_lm17                   17   56.3    140     72     17.8       73.2
  t2_r1.375_s0_md33_sn0_lm17                   17   56.4    140     72     17.8       73.3
  t2_r1.25_s0_md33_sn0_lm17                    17   56.2    140     72     18.1       73.4
  t2_r1.75_s0_md33_sn0_lm17                    17   56.6    140     72     17.6       73.4
  t2_r1.5_s0_md33_sn0_lm17                     17   57.5    145     72     16.8       73.5
  t1_r1.375_s0_md33_sn0_lm17                   17   56.3    140     72     18.2       73.6
  t1_r1.125_s0_md33_sn0_lm19                   19   56.3    140     72     18.8       74.2
  t1_r1.625_s0_md33_sn0_lm19                   19   56.2    140     72     19.0       74.3
  t2_r1.25_s0_md33_sn0_lm19                    19   56.2    140     72     19.5       74.7
  t2_r1.75_s0_md33_sn0_lm19                    19   57.4    145     72     18.6       75.1
  t1_r1.25_s0_md33_sn0_lm19                    19   56.6    140     72     19.7       75.3
  t1_r1.75_s0_md33_sn0_lm17                    17   56.7    145     72     19.7       75.4
  t1_r1.625_s0_md33_sn0_lm17                   17   56.8    140     72     20.1       75.9
  t1_r1.5_s0_md33_sn0_lm19                     19   57.0    140     72     20.7       76.6
  t1_r1.25_s0_md33_sn0_lm17                    17   56.0    140     72     21.9       76.8
  t1_r1.375_s0_md33_sn0_lm19                   19   57.2    140     72     23.0       79.0
  t2_r1.625_s0_md33_sn0_lm17                   17   63.5   1087    192     17.3       79.9
  t1_r1.75_s0_md33_sn0_lm19                    19   57.1    157     58     24.2       80.1
  t1_r1.5_s0_md33_sn0_lm17                     17   70.9   2101    192     17.5       87.5
  t2_r1.375_s0_md33_sn0_lm19                   19   71.0   2176     72     17.5       87.6
  t2_r1.125_s0_md33_sn0_lm19                   19   77.9   3079    160     19.5       96.4
  t2_r1.625_s0_md33_sn0_lm19                   19   99.4   4089    192     18.5      117.0
  t2_r1.75_s0_md33_sn0_lm23                    23  110.5   2135     72     23.3      132.7
  t2_r1.5_s0_md33_sn0_lm19                     19  128.6   4089    192     22.9      150.4

  Winner: t1_r1.125_s0_md33_sn0_lm17
    mean=56.3, max=140 at chord 72, spread=17.2, combined=72.6

==============================================================================
Chorale: bwv262  (suffix: -trans-sa-opt.npy, spread_weight: 0.95)
==============================================================================
  Directory                                    lm   Mean    Max  MaxCh   Spread   Combined
  ------------------------------------------   --  -----  -----  -----  -------  ---------
  t1_r1.75_s0_md33_sn0_lm19                    19   47.6    113    183      8.0       55.2 <-- BEST
  t1_r1.625_s0_md33_sn0_lm17                   17   47.7    113     55      8.9       56.1
  t1_r1.5_s0_md33_sn0_lm17                     17   47.7    115     55      9.2       56.5
  t1_r1.375_s0_md33_sn0_lm19                   19   47.8    113     55      9.7       57.0
  t2_r1.625_s0_md33_sn0_lm17                   17   47.7    113     55     10.0       57.3
  t2_r1.375_s0_md33_sn0_lm17                   17   47.7    115    183     10.2       57.5
  t2_r1.25_s0_md33_sn0_lm17                    17   47.7    113     55     10.3       57.5
  t1_r1.375_s0_md33_sn0_lm17                   17   47.7    113     55     11.1       58.2
  t2_r1.125_s0_md33_sn0_lm19                   19   47.7    113     55     11.4       58.5
  t2_r1.125_s0_md33_sn0_lm17                   17   47.7    113     55     11.6       58.7
  t1_r1.25_s0_md33_sn0_lm19                    19   48.2    119    102     11.2       58.8
  t1_r1.125_s0_md33_sn0_lm19                   19   47.8    115     55     11.8       59.0
  t2_r1.625_s0_md33_sn0_lm19                   19   47.7    113     55     12.5       59.6
  t1_r1.75_s0_md33_sn0_lm17                    17   47.5     93     55     13.0       59.8
  t2_r1.5_s0_md33_sn0_lm17                     17   47.7    113     55     12.8       59.8
  t1_r1.125_s0_md33_sn0_lm17                   17   47.8    113     55     12.8       59.9
  t2_r1.75_s0_md33_sn0_lm17                    17   47.6    113     55     13.0       60.0
  t1_r1.5_s0_md33_sn0_lm19                     19   47.8    113     55     16.2       63.2
  t2_r1.25_s0_md33_sn0_lm19                    19   47.8    113     55     18.2       65.1
  t2_r1.375_s0_md33_sn0_lm19                   19   47.9    113     55     18.8       65.7
  t2_r1.5_s0_md33_sn0_lm19                     19   47.9    113     55     19.8       66.7
  t1_r1.25_s0_md33_sn0_lm17                    17   47.8    113     55     20.2       67.0
  t2_r1.75_s0_md33_sn0_lm19                    19   47.6    113     55     20.5       67.1
  t1_r1.625_s0_md33_sn0_lm19                   19   47.8    113     55     21.2       68.0
  t2_r1.75_s0_md33_sn0_lm23                    23  127.5   4043     20     13.4      140.2

  Winner: t1_r1.75_s0_md33_sn0_lm19
    mean=47.6, max=113 at chord 183, spread=8.0, combined=55.2

==============================================================================
Chorale: bwv263  (suffix: -trans-sa-opt.npy, spread_weight: 0.95)
==============================================================================
  Directory                                    lm   Mean    Max  MaxCh   Spread   Combined
  ------------------------------------------   --  -----  -----  -----  -------  ---------
  t1_r1.25_s0_md33_sn0_lm19                    19   49.9    140    104     11.5       60.9 <-- BEST
  t1_r1.625_s0_md33_sn0_lm17                   17   49.8    140    104     13.6       62.7
  t2_r1.75_s0_md33_sn0_lm19                    19   49.9    140    104     13.7       62.9
  t2_r1.125_s0_md33_sn0_lm19                   19   50.4    140    104     14.2       63.9
  t1_r1.25_s0_md33_sn0_lm17                    17   50.2    140    104     14.5       64.0
  t2_r1.625_s0_md33_sn0_lm17                   17   50.3    145    104     14.5       64.1
  t1_r1.125_s0_md33_sn0_lm17                   17   50.0    140    104     15.0       64.3
  t1_r1.125_s0_md33_sn0_lm19                   19   50.1    140    104     15.0       64.3
  t1_r1.5_s0_md33_sn0_lm19                     19   50.2    140    104     15.0       64.5
  t1_r1.375_s0_md33_sn0_lm19                   19   49.7    140    104     15.7       64.7
  t2_r1.75_s0_md33_sn0_lm17                    17   49.6    140    104     16.0       64.8
  t2_r1.375_s0_md33_sn0_lm17                   17   50.6    140    104     17.0       66.7
  t1_r1.375_s0_md33_sn0_lm17                   17   49.9    140    104     18.0       67.0
  t1_r1.75_s0_md33_sn0_lm19                    19   50.1    140    104     22.0       71.0
  t2_r1.25_s0_md33_sn0_lm19                    19   49.9    140    104     23.0       71.7
  t2_r1.125_s0_md33_sn0_lm17                   17   60.5   1110     42     12.9       72.8
  t2_r1.25_s0_md33_sn0_lm17                    17   60.6   1110     42     13.8       73.7
  t1_r1.75_s0_md33_sn0_lm17                    17   49.8    140    104     26.0       74.5
  t2_r1.5_s0_md33_sn0_lm17                     17   60.8   1110     42     14.8       74.8
  t1_r1.625_s0_md33_sn0_lm19                   19   49.6    140    104     28.0       76.2
  t1_r1.5_s0_md33_sn0_lm17                     17   50.1    140    104     27.5       76.3
  t2_r1.75_s0_md33_sn0_lm23                    23   50.4    140    104     30.5       79.4
  t2_r1.625_s0_md33_sn0_lm19                   19   60.3   1110     42     33.0       91.7
  t2_r1.5_s0_md33_sn0_lm19                     19   81.0   3043    148     28.0      107.6
  t2_r1.375_s0_md33_sn0_lm19                   19  133.0   3043     60     18.5      150.6

  Winner: t1_r1.25_s0_md33_sn0_lm19
    mean=49.9, max=140 at chord 104, spread=11.5, combined=60.9

==============================================================================
Chorale: bwv264  (suffix: -trans-sa-opt.npy, spread_weight: 0.95)
==============================================================================
  Directory                                    lm   Mean    Max  MaxCh   Spread   Combined
  ------------------------------------------   --  -----  -----  -----  -------  ---------
  t1_r1.625_s0_md33_sn0_lm17                   17   48.0    105    110      9.5       57.0 <-- BEST
  t2_r1.375_s0_md33_sn0_lm17                   17   48.2    111    110     10.6       58.3
  t1_r1.25_s0_md33_sn0_lm17                    17   48.3    150    110     10.7       58.4
  t2_r1.25_s0_md33_sn0_lm17                    17   48.2    104    110     10.8       58.4
  t1_r1.625_s0_md33_sn0_lm19                   19   48.1    108    110     11.0       58.6
  t1_r1.125_s0_md33_sn0_lm17                   17   48.0    105    110     11.2       58.6
  t2_r1.625_s0_md33_sn0_lm19                   19   48.2    140    110     10.9       58.6
  t2_r1.5_s0_md33_sn0_lm17                     17   48.2    104    110     11.0       58.7
  t1_r1.25_s0_md33_sn0_lm19                    19   48.6    130    110     10.8       58.9
  t1_r1.5_s0_md33_sn0_lm19                     19   48.4    130    110     11.2       59.0
  t1_r1.375_s0_md33_sn0_lm17                   17   48.5    119    111     11.5       59.4
  t2_r1.75_s0_md33_sn0_lm17                    17   48.0    105    110     12.2       59.6
  t2_r1.375_s0_md33_sn0_lm19                   19   48.3    124    110     12.2       60.0
  t1_r1.5_s0_md33_sn0_lm17                     17   48.2    148    110     12.8       60.4
  t1_r1.125_s0_md33_sn0_lm19                   19   48.9    148    110     12.2       60.5
  t1_r1.375_s0_md33_sn0_lm19                   19   48.2    108    110     13.0       60.6
  t1_r1.75_s0_md33_sn0_lm17                    17   48.2    111    110     14.2       61.7
  t2_r1.625_s0_md33_sn0_lm17                   17   49.2    130    110     15.0       63.5
  t1_r1.75_s0_md33_sn0_lm19                    19   48.2    111    110     17.9       65.2
  t2_r1.125_s0_md33_sn0_lm19                   19   55.4   1143    110     10.6       65.4
  t2_r1.75_s0_md33_sn0_lm19                    19   54.9   1135    110     11.5       65.8
  t2_r1.25_s0_md33_sn0_lm19                    19   61.7   2138    110     11.1       72.3
  t2_r1.75_s0_md33_sn0_lm23                    23   62.0   2121    103     14.3       75.6
  t2_r1.125_s0_md33_sn0_lm17                   17   68.3   3062    111     23.5       90.6
  t2_r1.5_s0_md33_sn0_lm19                     19  102.1   4045     12     10.4      112.0

  Winner: t1_r1.625_s0_md33_sn0_lm17
    mean=48.0, max=105 at chord 110, spread=9.5, combined=57.0

==============================================================================

Run with --render to produce audio for the winners.
