
==============================================================================
Chorale: bwv253  (suffix: -trans-sa-opt.npy, spread_weight: 0.9)
==============================================================================
  Directory                                    lm   Mean    Max  MaxCh   Spread   Combined
  ------------------------------------------   --  -----  -----  -----  -------  ---------
  t1_r1.125_s0_md33_sn0_lm17                   17   48.9     90    122     12.4       60.1 <-- BEST
  t2_r1.5_s0_md33_sn0_lm19                     19   48.9     90    122     12.4       60.1
  t2_r1.625_s0_md33_sn0_lm19                   19   48.9     90    122     12.4       60.1
  t1_r1.25_s0_md33_sn0_lm17                    17   48.9     90    122     12.4       60.1
  t1_r1.5_s0_md33_sn0_lm19                     19   48.9     90    122     12.4       60.1
  t2_r1.5_s0_md33_sn0_lm17                     17   48.9     90    122     12.5       60.2
  t2_r1.25_s0_md33_sn0_lm17                    17   49.0     90    122     12.4       60.2
  t1_r1.125_lm17_tmp3.0                        17   49.1     93    126     12.4       60.3
  t1_r1.125_lm19_tmp3.0                        19   49.1     93    126     12.4       60.3
  t1_r1.25_lm17_tmp3.0                         17   49.1     93    126     12.4       60.3
  t1_r1.25_lm19_tmp3.0                         19   49.1     93    126     12.4       60.3
  t1_r1.375_lm17_tmp3.0                        17   49.1     93    126     12.4       60.3
  t1_r1.375_lm19_tmp3.0                        19   49.1     93    126     12.4       60.3
  t1_r1.375_s0_md33_sn0_lm17                   17   49.1     93    126     12.4       60.3
  t1_r1.375_s0_md33_sn0_lm19                   19   49.1     93    126     12.4       60.3
  t1_r1.5_lm17_tmp3.0                          17   49.1     93    126     12.4       60.3
  t1_r1.5_lm19_tmp3.0                          19   49.1     93    126     12.4       60.3
  t1_r1.5_s0_md33_sn0_lm17                     17   49.1     93    126     12.4       60.3
  t1_r1.625_lm17_tmp3.0                        17   49.1     93    126     12.4       60.3
  t1_r1.625_lm19_tmp3.0                        19   49.1     93    126     12.4       60.3
  t1_r1.625_s0_md33_sn0_lm17                   17   49.1     93    126     12.4       60.3
  t2_r1.25_lm17_tmp3.0                         17   49.1     93    126     12.4       60.3
  t2_r1.25_lm19_tmp3.0                         19   49.1     93    126     12.4       60.3
  t2_r1.375_lm19_tmp3.0                        19   49.1     93    126     12.4       60.3
  t2_r1.375_s0_md33_sn0_lm17                   17   49.1     93    126     12.4       60.3
  t2_r1.5_lm17_tmp3.0                          17   49.1     93    126     12.4       60.3
  t2_r1.625_lm17_tmp3.0                        17   49.1     93    126     12.4       60.3
  t2_r1.625_lm19_tmp3.0                        19   49.1     93    126     12.4       60.3
  t2_r1.125_lm17_tmp3.0                        17   49.1     93    126     12.5       60.3
  t1_r1.75_s0_md33_sn0_lm19                    19   49.1     93    126     12.4       60.3
  t2_r1.125_lm19_tmp3.0                        19   49.1     93    126     12.4       60.3
  t2_r1.25_s0_md33_sn0_lm19                    19   49.1     93    126     12.4       60.3
  t2_r1.5_lm19_tmp3.0                          19   49.1     93    126     12.4       60.3
  t2_r1.75_s0_md33_sn0_lm19                    19   49.1     93    126     12.4       60.3
  t2_r1.375_lm17_tmp3.0                        17   49.1     93    126     12.5       60.4
  t1_r1.125_s0_md33_sn0_lm19                   19   49.3     93    126     12.4       60.5
  t1_r1.625_s0_md33_sn0_lm19                   19   49.3     93    126     12.4       60.5
  t1_r1.25_s0_md33_sn0_lm19                    19   49.1     93    126     12.7       60.6
  t2_r1.375_s0_md33_sn0_lm19                   19   49.1     93    126     12.9       60.7
  t2_r1.125_s0_md33_sn0_lm17                   17   49.3     93    126     12.7       60.7
  t2_r1.75_s0_md33_sn0_lm17                    17   49.1     90    122     13.3       61.0
  t1_r1.75_s0_md33_sn0_lm17                    17   48.9     90    122     14.5       62.0
  t1_r1.50_s1.25_md33_sn0_lm23                 23   49.6     96     22     14.1       62.3
  t2_r1.125_s0_md33_sn0_lm19                   19   74.3   2110    126     12.4       85.5
  t2_r1.625_s0_md33_sn0_lm17                   17   86.4   3047    128     12.5       97.7
  t2_r1.75_s0_md33_sn0_lm23                    23   87.3   3109     22     15.7      101.4

  Winner: t1_r1.125_s0_md33_sn0_lm17
    mean=48.9, max=90 at chord 122, spread=12.4, combined=60.1

==============================================================================
Chorale: bwv254  (suffix: -trans-sa-opt.npy, spread_weight: 0.9)
==============================================================================
  Directory                                    lm   Mean    Max  MaxCh   Spread   Combined
  ------------------------------------------   --  -----  -----  -----  -------  ---------
  t1_r1.5_lm17_tmp3.0                          17   54.9    145    158     11.3       65.1 <-- BEST
  t1_r1.375_lm19_tmp3.0                        19   54.8    145    158     11.8       65.4
  t1_r1.25_lm17_tmp3.0                         17   55.8    163    160     12.1       66.7
  t1_r1.625_s0_md33_sn0_lm17                   17   55.6    163    160     12.3       66.7
  t1_r1.625_lm19_tmp3.0                        19   54.9    140    158     13.2       66.8
  t1_r1.5_lm19_tmp3.0                          19   55.5    146    160     13.8       67.9
  t1_r1.25_s0_md33_sn0_lm19                    19   55.6    146    160     13.8       68.0
  t1_r1.125_s0_md33_sn0_lm19                   19   54.7    140    158     14.8       68.0
  t1_r1.375_s0_md33_sn0_lm17                   17   55.2    145    158     14.2       68.0
  t1_r1.25_lm19_tmp3.0                         19   54.7    140    158     15.1       68.3
  t1_r1.125_lm19_tmp3.0                        19   55.1    145    158     14.8       68.4
  t1_r1.125_s0_md33_sn0_lm17                   17   55.8    163    160     14.3       68.7
  t1_r1.75_s0_md33_sn0_lm17                    17   54.8    140    158     16.2       69.3
  t1_r1.5_s0_md33_sn0_lm17                     17   56.1    163    160     15.3       69.9
  t1_r1.375_s0_md33_sn0_lm19                   19   55.6    146    160     16.3       70.2
  t1_r1.625_s0_md33_sn0_lm19                   19   55.9    162    160     16.1       70.4
  t1_r1.75_s0_md33_sn0_lm19                    19   55.5    146    160     20.8       74.3
  t2_r1.75_s0_md33_sn0_lm17                    17   65.9   1123    158     12.9       77.6
  t1_r1.625_lm17_tmp3.0                        17   66.4   1109    160     12.5       77.7
  t2_r1.125_lm17_tmp3.0                        17   65.9   1123    158     13.4       78.0
  t2_r1.25_lm19_tmp3.0                         19   66.9   1123    158     12.5       78.2
  t2_r1.25_s0_md33_sn0_lm17                    17   66.0   1123    158     13.7       78.3
  t2_r1.375_s0_md33_sn0_lm19                   19   66.0   1123    158     13.8       78.4
  t2_r1.375_lm19_tmp3.0                        19   66.4   1123    158     13.4       78.5
  t1_r1.375_lm17_tmp3.0                        17   66.8   1145    160     13.0       78.5
  t2_r1.75_s0_md33_sn0_lm19                    19   65.9   1123    158     14.5       78.9
  t2_r1.625_s0_md33_sn0_lm19                   19   65.8   1123    158     14.7       79.0
  t2_r1.5_s0_md33_sn0_lm17                     17   66.0   1123    158     14.5       79.0
  t2_r1.125_s0_md33_sn0_lm17                   17   66.2   1123    158     14.3       79.0
  t1_r1.5_s0_md33_sn0_lm19                     19   67.4   1213    158     13.5       79.5
  t2_r1.5_lm19_tmp3.0                          19   66.8   1123    158     14.5       79.8
  t1_r1.25_s0_md33_sn0_lm17                    17   67.0   1118    160     14.9       80.4
  t1_r1.125_lm17_tmp3.0                        17   67.4   1149    160     15.5       81.3
  t2_r1.625_lm19_tmp3.0                        19   82.9   3045    150     12.4       94.1
  t2_r1.375_lm17_tmp3.0                        17   89.9   2122    160     13.0      101.6
  t2_r1.375_s0_md33_sn0_lm17                   17   89.7   2135    160     14.2      102.5
  t2_r1.625_lm17_tmp3.0                        17   89.6   2135    160     14.5      102.6
  t2_r1.25_lm17_tmp3.0                         17   90.1   2122    160     14.4      103.0
  t2_r1.25_s0_md33_sn0_lm19                    19   89.6   2119    148     14.9      103.0
  t2_r1.5_lm17_tmp3.0                          17   90.1   2122    160     14.8      103.4
  t2_r1.125_s0_md33_sn0_lm19                   19   90.6   2122    160     14.7      103.7
  t2_r1.5_s0_md33_sn0_lm19                     19   90.3   2122    160     15.2      104.0
  t2_r1.625_s0_md33_sn0_lm17                   17   89.8   2119    148     16.2      104.3
  t2_r1.75_s0_md33_sn0_lm23                    23  104.2   3142    156     14.6      117.4
  t2_r1.125_lm19_tmp3.0                        19  117.5   3144    147     13.3      129.5

  Winner: t1_r1.5_lm17_tmp3.0
    mean=54.9, max=145 at chord 158, spread=11.3, combined=65.1

==============================================================================
Chorale: bwv255  (suffix: -trans-sa-opt.npy, spread_weight: 0.9)
==============================================================================
  Directory                                    lm   Mean    Max  MaxCh   Spread   Combined
  ------------------------------------------   --  -----  -----  -----  -------  ---------
  t2_r1.375_s0_md33_sn0_lm19                   19   50.8     82     42     12.5       62.0 <-- BEST
  t4_r1.75_s0_md33_sn0_lm19                    19   50.8     82     42     14.0       63.4
  t1_r1.375_lm19_tmp3.0                        19   50.9     82     42     14.3       63.8
  t1_r1.375_lm17_tmp3.0                        17   50.9     82     42     14.4       63.9
  t2_r1.25_s0_md33_sn0_lm17                    17   50.9     82     42     14.5       64.0
  t1_r1.25_s0_md33_sn0_lm17                    17   50.8     82     42     14.7       64.0
  t1_r1.375_s0_md33_sn0_lm17                   17   50.9     82     42     14.6       64.1
  t1_r1.625_lm19_tmp3.0                        19   50.9     82     42     14.6       64.1
  t1_r1.125_s0_md33_sn0_lm17                   17   50.9     82     42     14.9       64.4
  t1_r1.25_lm19_tmp3.0                         19   50.9     82     42     14.9       64.4
  t2_r1.375_s0_md33_sn0_lm17                   17   50.8     82     42     15.1       64.4
  t2_r1.625_s0_md33_sn0_lm17                   17   50.9     82     42     15.0       64.4
  t1_r1.125_lm17_tmp3.0                        17   50.9     82     42     15.2       64.6
  t2_r1.5_lm17_tmp3.0                          17   50.9     82     42     15.5       64.9
  t1_r1.5_s0_md33_sn0_lm19                     19   50.8     82     42     15.7       64.9
  t1_r1.125_s0_md33_sn0_lm19                   19   50.9     82     42     15.6       65.0
  t2_r1.25_lm17_tmp3.0                         17   50.9     82     42     16.0       65.3
  t1_r1.125_lm19_tmp3.0                        19   50.9     82     42     16.1       65.4
  t1_r1.75_s0_md33_sn0_lm17                    17   50.8     82     42     16.5       65.6
  t2_r1.125_lm17_tmp3.0                        17   50.9     82     42     16.3       65.6
  t1_r1.5_s0_md33_sn0_lm17                     17   50.9     82     42     16.3       65.6
  t2_r1.375_lm17_tmp3.0                        17   50.9     82     42     16.4       65.7
  t2_r1.625_s0_md33_sn0_lm19                   19   50.9     82     42     16.5       65.7
  t2_r1.75_s0_md33_sn0_lm17                    17   50.8     82     42     16.6       65.7
  t2_r1.125_lm19_tmp3.0                        19   50.9     82     42     16.6       65.8
  t2_r1.75_s0_md33_sn0_lm23                    23   51.2     96     88     16.2       65.9
  t2_r1.25_s0_md33_sn0_lm19                    19   50.9     82     42     16.9       66.1
  t1_r1.5_lm17_tmp3.0                          17   50.9     82     42     17.0       66.2
  t2_r1.625_lm19_tmp3.0                        19   50.9     82     42     17.1       66.3
  t1_r1.625_s0_md33_sn0_lm19                   19   50.9     82     42     17.1       66.3
  t1_r1.625_s0_md33_sn0_lm17                   17   50.9     82     42     17.2       66.4
  t2_r1.25_lm19_tmp3.0                         19   50.9     82     42     17.3       66.5
  t2_r1.5_s0_md33_sn0_lm17                     17   50.9     82     42     17.5       66.7
  t2_r1.375_lm19_tmp3.0                        19   50.9     82     42     17.9       67.0
  t2_r1.75_s0_md33_sn0_lm19                    19   50.8     82     42     18.3       67.2
  t2_r1.625_lm17_tmp3.0                        17   50.9     82     42     18.2       67.3
  t1_r1.5_lm19_tmp3.0                          19   50.9     82     42     18.5       67.5
  t1_r1.625_lm17_tmp3.0                        17   50.9     82     42     18.7       67.8
  t1_r1.25_lm17_tmp3.0                         17   50.9     82     42     19.0       68.0
  t1_r1.375_s0_md33_sn0_lm19                   19   52.6    125    100     18.3       69.1
  t1_r1.75_s0_md33_sn0_lm19                    19   50.8     82     42     20.5       69.3
  t2_r1.125_s0_md33_sn0_lm19                   19   51.2     82     42     20.1       69.3
  t1_r1.25_s0_md33_sn0_lm19                    19   50.9     82     42     20.9       69.7
  t2_r1.125_s0_md33_sn0_lm17                   17   82.1   2049     20     16.6       97.0
  t2_r1.5_lm19_tmp3.0                          19   82.2   2047     40     17.0       97.4
  t2_r1.5_s0_md33_sn0_lm19                     19   82.2   2047     40     18.1       98.5

  Winner: t2_r1.375_s0_md33_sn0_lm19
    mean=50.8, max=82 at chord 42, spread=12.5, combined=62.0

==============================================================================
Chorale: bwv256  (suffix: -trans-sa-opt.npy, spread_weight: 0.9)
==============================================================================
  Directory                                    lm   Mean    Max  MaxCh   Spread   Combined
  ------------------------------------------   --  -----  -----  -----  -------  ---------
  t1_r1.625_s0_md33_sn0_lm19                   19   53.9    140    138     13.7       66.2 <-- BEST
  t1_r1.375_s0_md33_sn0_lm17                   17   54.1    140    138     13.7       66.4
  t2_r1.125_lm17_tmp3.0                        17   54.1    140    138     14.6       67.2
  t2_r1.75_s0_md33_sn0_lm17                    17   53.9    140    138     15.1       67.4
  t1_r1.125_lm17_tmp3.0                        17   54.9    140    138     14.1       67.6
  t1_r1.375_lm17_tmp3.0                        17   54.1    140    138     15.0       67.6
  t1_r1.125_lm19_tmp3.0                        19   54.1    140    138     15.0       67.7
  t2_r1.375_lm19_tmp3.0                        19   54.1    140    138     15.3       67.9
  t1_r1.5_s0_md33_sn0_lm17                     17   54.7    140    138     14.7       67.9
  t2_r1.625_s0_md33_sn0_lm17                   17   53.9    140    138     15.7       68.0
  t2_r1.25_lm19_tmp3.0                         19   54.1    140    138     15.5       68.0
  t2_r1.625_lm17_tmp3.0                        17   54.1    140    138     16.2       68.7
  t2_r1.5_s0_md33_sn0_lm17                     17   54.1    140    138     16.2       68.7
  t2_r1.5_lm19_tmp3.0                          19   54.1    140    138     16.2       68.7
  t1_r1.5_lm19_tmp3.0                          19   54.1    140    138     16.4       68.9
  t1_r1.75_s0_md33_sn0_lm17                    17   54.1    140    138     16.5       68.9
  t1_r1.25_s0_md33_sn0_lm17                    17   54.1    140    138     16.6       69.0
  t2_r1.375_s0_md33_sn0_lm19                   19   53.9    140    138     17.0       69.1
  t2_r1.25_lm17_tmp3.0                         17   54.1    140    138     17.1       69.5
  t1_r1.25_lm19_tmp3.0                         19   54.1    140    138     17.2       69.6
  t2_r1.5_lm17_tmp3.0                          17   54.1    140    138     17.2       69.6
  t1_r1.125_s0_md33_sn0_lm19                   19   54.9    140    138     16.4       69.7
  t1_r1.625_s0_md33_sn0_lm17                   17   54.1    140    138     17.4       69.7
  t2_r1.5_s0_md33_sn0_lm19                     19   54.1    140    138     17.4       69.7
  t1_r1.625_lm19_tmp3.0                        19   54.1    140    138     17.5       69.8
  t2_r1.125_s0_md33_sn0_lm19                   19   54.8    140    138     16.7       69.9
  t1_r1.25_lm17_tmp3.0                         17   54.1    140    138     17.7       70.0
  t2_r1.375_lm17_tmp3.0                        17   54.9    140    138     17.0       70.2
  t1_r1.25_s0_md33_sn0_lm19                    19   53.9    140    138     18.2       70.2
  t2_r1.375_s0_md33_sn0_lm17                   17   53.9    140    138     18.2       70.3
  t1_r1.375_s0_md33_sn0_lm19                   19   54.1    140    138     18.0       70.3
  t2_r1.25_s0_md33_sn0_lm19                    19   54.9    140    138     17.3       70.5
  t2_r1.125_lm19_tmp3.0                        19   54.1    140    138     18.4       70.7
  t1_r1.625_lm17_tmp3.0                        17   54.1    140    138     18.6       70.8
  t2_r1.625_s0_md33_sn0_lm19                   19   54.7    140    138     18.0       70.9
  t1_r1.5_lm17_tmp3.0                          17   54.1    140    138     18.8       71.0
  t1_r1.375_lm19_tmp3.0                        19   54.1    140    138     19.3       71.5
  t2_r1.125_s0_md33_sn0_lm17                   17   54.2    140    138     19.6       71.8
  t2_r1.25_s0_md33_sn0_lm17                    17   55.2    140    138     18.9       72.2
  t2_r1.75_s0_md33_sn0_lm19                    19   54.1    140    138     20.6       72.7
  t1_r1.75_s0_md33_sn0_lm19                    19   54.1    140    138     20.8       72.8
  t1_r1.5_s0_md33_sn0_lm19                     19   54.1    140    138     21.7       73.6
  t1_r1.125_s0_md33_sn0_lm17                   17   53.9    140    138     22.1       73.8
  t2_r1.625_lm19_tmp3.0                        19   79.1   2047    136     17.3       94.7
  t2_r1.75_s0_md33_sn0_lm23                    23   75.9   2115    116     21.9       95.6

  Winner: t1_r1.625_s0_md33_sn0_lm19
    mean=53.9, max=140 at chord 138, spread=13.7, combined=66.2

==============================================================================
Chorale: bwv257  (suffix: -trans-sa-opt.npy, spread_weight: 0.9)
==============================================================================
  Directory                                    lm   Mean    Max  MaxCh   Spread   Combined
  ------------------------------------------   --  -----  -----  -----  -------  ---------
  t1_r1.375_s0_md33_sn0_lm17                   17   57.0    140    128     19.1       74.2 <-- BEST
  t1_r1.75_s0_md33_sn0_lm17                    17   57.9    140    128     19.0       75.0
  t1_r1.25_s0_md33_sn0_lm19                    19   57.5    140    128     20.2       75.7
  t1_r1.125_lm19_tmp3.0                        19   57.8    140    128     20.0       75.8
  t1_r1.25_lm17_tmp3.0                         17   57.8    140    128     20.5       76.2
  t1_r1.375_s0_md33_sn0_lm19                   19   57.5    140    128     20.8       76.3
  t1_r1.125_lm17_tmp3.0                        17   57.8    140    128     20.6       76.3
  t1_r1.5_s0_md33_sn0_lm19                     19   58.3    140    128     20.2       76.5
  t1_r1.625_s0_md33_sn0_lm17                   17   57.5    140    128     21.2       76.5
  t1_r1.375_lm19_tmp3.0                        19   59.4    140    128     19.0       76.6
  t1_r1.25_s0_md33_sn0_lm17                    17   57.5    140    128     21.3       76.6
  t1_r1.625_s0_md33_sn0_lm19                   19   57.8    140    128     21.1       76.8
  t1_r1.125_s0_md33_sn0_lm17                   17   57.8    140    128     22.3       77.8
  t1_r1.5_lm17_tmp3.0                          17   57.8    140    128     22.5       78.0
  t1_r1.625_lm19_tmp3.0                        19   57.8    140    128     22.5       78.0
  t1_r1.375_lm17_tmp3.0                        17   57.7    140    128     22.8       78.2
  t1_r1.25_lm19_tmp3.0                         19   58.2    140    128     22.4       78.4
  t1_r1.5_s0_md33_sn0_lm17                     17   57.5    140    128     23.8       78.9
  t1_r1.625_lm17_tmp3.0                        17   59.8    140    128     21.6       79.2
  t1_r1.5_lm19_tmp3.0                          19   61.5    160     24     21.1       80.4
  t1_r1.75_s0_md33_sn0_lm19                    19   58.6    145    128     24.4       80.6
  t1_r1.125_s0_md33_sn0_lm19                   19   70.5   1067     12     22.2       90.5
  t2_r1.5_s0_md33_sn0_lm17                     17   81.8   1123    128     21.4      101.0
  t2_r1.375_s0_md33_sn0_lm17                   17   81.8   1123    128     21.6      101.2
  t2_r1.25_s0_md33_sn0_lm17                    17   81.8   1123    128     22.2      101.8
  t2_r1.125_s0_md33_sn0_lm17                   17   82.0   1123    128     22.3      102.1
  t2_r1.5_s0_md33_sn0_lm19                     19   83.8   1123    128     21.0      102.7
  t2_r1.625_s0_md33_sn0_lm19                   19   82.1   1123    128     23.1      102.9
  t2_r1.75_s0_md33_sn0_lm17                    17   81.9   1123    128     23.6      103.1
  t2_r1.625_lm17_tmp3.0                        17   82.4   1123    128     23.3      103.3
  t2_r1.25_lm17_tmp3.0                         17   82.4   1123    128     23.5      103.5
  t2_r1.5_lm17_tmp3.0                          17   82.0   1123    128     24.1      103.7
  t2_r1.25_lm19_tmp3.0                         19   82.4   1123    128     24.2      104.1
  t2_r1.125_lm19_tmp3.0                        19   82.4   1123    128     24.5      104.4
  t2_r1.375_lm17_tmp3.0                        17   82.1   1123    128     24.9      104.5
  t2_r1.5_lm19_tmp3.0                          19   82.3   1123    128     25.2      105.0
  t2_r1.25_s0_md33_sn0_lm19                    19   84.6   1123    128     22.8      105.2
  t2_r1.125_lm17_tmp3.0                        17   82.4   1123    128     25.8      105.6
  t2_r1.75_s0_md33_sn0_lm23                    23   96.8   1123    128     17.7      112.8
  t2_r1.75_s0_md33_sn0_lm19                    19   95.3   1123    128     25.9      118.6
  t2_r1.375_lm19_tmp3.0                        19  108.7   1133     24     22.0      128.5
  t2_r1.625_s0_md33_sn0_lm17                   17  119.5   3113     10     25.3      142.3
  t2_r1.125_s0_md33_sn0_lm19                   19  132.1   4049     16     22.2      152.0
  t2_r1.375_s0_md33_sn0_lm19                   19  132.3   4047     96     24.1      154.0
  t2_r1.625_lm19_tmp3.0                        19  158.4   3119     24     25.1      181.0

  Winner: t1_r1.375_s0_md33_sn0_lm17
    mean=57.0, max=140 at chord 128, spread=19.1, combined=74.2

==============================================================================
Chorale: bwv258  (suffix: -trans-sa-opt.npy, spread_weight: 0.9)
==============================================================================
  Directory                                    lm   Mean    Max  MaxCh   Spread   Combined
  ------------------------------------------   --  -----  -----  -----  -------  ---------
  t1_r1.125_s0_md33_sn0_lm19                   19   58.6    140     80     15.6       72.7 <-- BEST
  t1_r1.375_s0_md33_sn0_lm17                   17   57.8    140     80     16.7       72.8
  t1_r1.25_s0_md33_sn0_lm17                    17   58.3    140     80     16.8       73.4
  t1_r1.5_lm19_tmp3.0                          19   57.7    140     80     17.7       73.7
  t1_r1.125_lm17_tmp3.0                        17   58.6    140     80     16.9       73.9
  t1_r1.5_s0_md33_sn0_lm19                     19   59.8    140     80     16.1       74.3
  t1_r1.75_s0_md33_sn0_lm17                    17   57.8    140     80     18.4       74.3
  t1_r1.25_s0_md33_sn0_lm19                    19   59.0    140     80     17.2       74.4
  t1_r1.75_s0_md33_sn0_lm19                    19   57.9    145     80     18.7       74.7
  t1_r1.125_s0_md33_sn0_lm17                   17   57.8    140     80     19.2       75.0
  t1_r1.125_lm19_tmp3.0                        19   59.1    140     80     17.7       75.0
  t1_r1.5_s0_md33_sn0_lm17                     17   58.9    140     80     18.1       75.2
  t1_r1.375_lm19_tmp3.0                        19   58.3    140     80     18.9       75.3
  t1_r1.625_s0_md33_sn0_lm19                   19   60.4    140     80     16.6       75.4
  t1_r1.625_lm19_tmp3.0                        19   58.0    140     80     19.6       75.7
  t1_r1.375_s0_md33_sn0_lm19                   19   59.2    140     80     18.3       75.7
  t1_r1.625_s0_md33_sn0_lm17                   17   57.8    140     80     20.4       76.1
  t1_r1.375_lm17_tmp3.0                        17   59.5    140     80     19.4       76.9
  t1_r1.25_lm19_tmp3.0                         19   59.5    140     80     19.6       77.1
  t1_r1.5_lm17_tmp3.0                          17   58.0    140     80     22.2       78.0
  t1_r1.25_lm17_tmp3.0                         17   58.1    140     80     22.6       78.4
  t1_r1.625_lm17_tmp3.0                        17   58.3    140     80     23.0       79.0
  t2_r1.25_lm17_tmp3.0                         17   82.3   1123     80     17.0       97.6
  t2_r1.25_s0_md33_sn0_lm19                    19   82.6   1123     80     18.7       99.4
  t2_r1.625_s0_md33_sn0_lm19                   19   82.6   1123     80     18.6       99.4
  t2_r1.375_lm17_tmp3.0                        17   82.3   1123     80     19.1       99.5
  t2_r1.625_lm17_tmp3.0                        17   82.9   1123     80     18.6       99.6
  t2_r1.375_s0_md33_sn0_lm17                   17   83.1   1123     80     18.6       99.9
  t2_r1.75_s0_md33_sn0_lm17                    17   82.4   1123     80     19.5       99.9
  t2_r1.5_s0_md33_sn0_lm17                     17   82.9   1123     80     19.2      100.2
  t2_r1.75_s0_md33_sn0_lm19                    19   82.7   1123     80     19.5      100.3
  t2_r1.5_lm19_tmp3.0                          19   82.6   1123     80     20.0      100.6
  t2_r1.5_s0_md33_sn0_lm19                     19   82.9   1123     80     19.9      100.8
  t2_r1.375_s0_md33_sn0_lm19                   19   82.6   1123     80     20.5      101.0
  t2_r1.625_s0_md33_sn0_lm17                   17   82.6   1123     80     20.9      101.4
  t2_r1.25_lm19_tmp3.0                         19   84.3   1123     80     19.8      102.1
  t2_r1.125_s0_md33_sn0_lm17                   17   82.6   1123     80     21.9      102.3
  t2_r1.75_s0_md33_sn0_lm23                    23   84.8   1135     88     20.0      102.8
  t2_r1.125_lm17_tmp3.0                        17   82.6   1123     80     22.8      103.1
  t2_r1.25_s0_md33_sn0_lm17                    17   84.5   1123     80     21.9      104.2
  t2_r1.625_lm19_tmp3.0                        19  107.6   2049     76     19.7      125.4
  t2_r1.5_lm17_tmp3.0                          17  109.3   1135     20     20.0      127.3
  t2_r1.375_lm19_tmp3.0                        19  109.1   2111     42     20.4      127.5
  t2_r1.125_s0_md33_sn0_lm19                   19  120.6   3090    102     19.9      138.5
  t2_r1.125_lm19_tmp3.0                        19  133.9   2101     20     22.5      154.1

  Winner: t1_r1.125_s0_md33_sn0_lm19
    mean=58.6, max=140 at chord 80, spread=15.6, combined=72.7

==============================================================================
Chorale: bwv259  (suffix: -trans-sa-opt.npy, spread_weight: 0.9)
==============================================================================
  Directory                                    lm   Mean    Max  MaxCh   Spread   Combined
  ------------------------------------------   --  -----  -----  -----  -------  ---------
  t2_r1.25_s0_md33_sn0_lm19                    19   53.4    104     74     11.0       63.3 <-- BEST
  t1_r1.625_s0_md33_sn0_lm19                   19   53.4    104     74     11.8       64.0
  t2_r1.75_s0_md33_sn0_lm17                    17   53.3    104     74     12.0       64.1
  t1_r1.75_s0_md33_sn0_lm17                    17   53.2    104     74     12.3       64.2
  t2_r1.625_lm17_tmp3.0                        17   53.4    104     74     12.4       64.5
  t2_r1.125_s0_md33_sn0_lm19                   19   53.4    104     74     12.7       64.8
  t1_r1.375_s0_md33_sn0_lm17                   17   53.4    104     74     12.7       64.8
  t2_r1.625_lm19_tmp3.0                        19   53.4    104     74     12.9       64.9
  t1_r1.5_lm19_tmp3.0                          19   53.4    104     74     12.9       65.0
  t2_r1.25_lm19_tmp3.0                         19   53.4    104     74     13.0       65.1
  t2_r1.5_s0_md33_sn0_lm19                     19   53.4    104     74     13.1       65.2
  t1_r1.375_s0_md33_sn0_lm19                   19   53.6    104     74     13.2       65.4
  t1_r1.125_lm19_tmp3.0                        19   53.4    104     74     13.4       65.4
  t1_r1.75_s0_md33_sn0_lm19                    19   53.5    104     74     13.3       65.5
  t2_r1.5_lm19_tmp3.0                          19   53.4    104     74     13.5       65.5
  t1_r1.125_s0_md33_sn0_lm19                   19   53.4    104     74     13.6       65.6
  t2_r1.125_s0_md33_sn0_lm17                   17   53.4    104     74     13.6       65.6
  t1_r1.625_s0_md33_sn0_lm17                   17   53.5    104     74     13.5       65.7
  t1_r1.125_lm17_tmp3.0                        17   53.3    104     74     14.0       65.9
  t2_r1.125_lm17_tmp3.0                        17   53.4    104     74     13.9       65.9
  t2_r1.375_lm17_tmp3.0                        17   53.6    104     74     13.9       66.1
  t1_r1.625_lm17_tmp3.0                        17   53.4    104     74     14.2       66.2
  t2_r1.375_s0_md33_sn0_lm17                   17   53.4    104     74     14.4       66.3
  t1_r1.25_s0_md33_sn0_lm19                    19   53.4    104     74     14.6       66.5
  t2_r1.25_s0_md33_sn0_lm17                    17   53.4    104     74     14.6       66.5
  t1_r1.5_s0_md33_sn0_lm17                     17   53.4    104     74     14.6       66.6
  t1_r1.25_lm19_tmp3.0                         19   54.8    137    160     13.0       66.6
  t2_r1.5_s0_md33_sn0_lm17                     17   53.9    125    166     14.3       66.7
  t1_r1.25_lm17_tmp3.0                         17   53.4    104     74     14.8       66.7
  t1_r1.625_lm19_tmp3.0                        19   53.4    104     74     15.0       66.9
  t1_r1.375_lm19_tmp3.0                        19   53.4    104     74     15.0       66.9
  t1_r1.375_lm17_tmp3.0                        17   53.4    104     74     15.2       67.1
  t1_r1.5_lm17_tmp3.0                          17   53.4    104     74     15.3       67.2
  t2_r1.625_s0_md33_sn0_lm19                   19   53.4    104     74     15.5       67.3
  t2_r1.375_lm19_tmp3.0                        19   53.4    104     74     15.5       67.4
  t2_r1.5_lm17_tmp3.0                          17   53.4    104     74     15.6       67.4
  t2_r1.375_s0_md33_sn0_lm19                   19   53.3    104     74     16.1       67.9
  t2_r1.125_lm19_tmp3.0                        19   53.4    104     74     16.3       68.1
  t1_r1.5_s0_md33_sn0_lm19                     19   53.6    104     74     16.3       68.3
  t2_r1.25_lm17_tmp3.0                         17   53.4    104     74     16.8       68.5
  t1_r1.25_s0_md33_sn0_lm17                    17   53.6    104     74     16.7       68.7
  t1_r1.125_s0_md33_sn0_lm17                   17   55.3    119    172     16.9       70.6
  t2_r1.625_s0_md33_sn0_lm17                   17   64.0   1060     72     16.8       79.1
  t2_r1.75_s0_md33_sn0_lm23                    23   72.6   1146     66     18.7       89.5
  t2_r1.75_s0_md33_sn0_lm19                    19   84.7   3045    148     16.8       99.8

  Winner: t2_r1.25_s0_md33_sn0_lm19
    mean=53.4, max=104 at chord 74, spread=11.0, combined=63.3

==============================================================================
Chorale: bwv260  (suffix: -trans-sa-opt.npy, spread_weight: 0.9)
==============================================================================
  Directory                                    lm   Mean    Max  MaxCh   Spread   Combined
  ------------------------------------------   --  -----  -----  -----  -------  ---------
  t2_r1.5_s0_md33_sn0_lm17                     17   52.3    105     72     10.5       61.7 <-- BEST
  t1_r1.125_s0_md33_sn0_lm17                   17   52.3    105     72     10.6       61.8
  t1_r1.125_s0_md33_sn0_lm19                   19   52.3    105     72     10.7       61.9
  t2_r1.125_lm17_tmp3.0                        17   52.9    129      2     10.1       62.1
  t1_r1.75_s0_md33_sn0_lm17                    17   52.3    105     72     10.9       62.1
  t1_r1.625_lm17_tmp3.0                        17   52.9    129      2     10.2       62.2
  t1_r1.625_s0_md33_sn0_lm17                   17   52.2    105     72     11.1       62.2
  t1_r1.5_s0_md33_sn0_lm17                     17   52.3    105     72     11.1       62.3
  t1_r1.375_lm17_tmp3.0                        17   53.0    129      2     10.4       62.3
  t1_r1.25_s0_md33_sn0_lm17                    17   52.3    105     72     11.2       62.4
  t1_r1.625_s0_md33_sn0_lm19                   19   52.5    105     72     11.0       62.4
  t2_r1.625_s0_md33_sn0_lm17                   17   52.3    105     72     11.2       62.4
  t1_r1.5_lm17_tmp3.0                          17   52.3    111     72     11.4       62.6
  t1_r1.375_s0_md33_sn0_lm19                   19   52.5    105     72     11.4       62.7
  t2_r1.125_s0_md33_sn0_lm17                   17   52.5    105     72     12.0       63.3
  t1_r1.375_s0_md33_sn0_lm17                   17   52.4    105     72     12.2       63.4
  t1_r1.5_s0_md33_sn0_lm19                     19   52.5    105     72     12.2       63.5
  t1_r1.25_s0_md33_sn0_lm19                    19   52.7    105     72     12.2       63.7
  t1_r1.75_s0_md33_sn0_lm19                    19   52.4    105     72     12.9       64.1
  t2_r1.75_s0_md33_sn0_lm17                    17   52.2    105     72     13.2       64.1
  t1_r1.5_lm19_tmp3.0                          19   52.6    111     72     14.0       65.2
  t1_r1.375_lm19_tmp3.0                        19   53.0    129      2     13.8       65.4
  t1_r1.25_lm17_tmp3.0                         17   52.6    111     72     14.7       65.8
  t1_r1.625_lm19_tmp3.0                        19   53.1    129      2     14.2       65.9
  t2_r1.5_lm17_tmp3.0                          17   53.1    129      2     14.5       66.1
  t2_r1.25_lm17_tmp3.0                         17   54.5    174      6     13.6       66.8
  t1_r1.125_lm17_tmp3.0                        17   52.3    111     72     17.0       67.6
  t2_r1.625_lm19_tmp3.0                        19   53.0    129      2     16.5       67.9
  t1_r1.125_lm19_tmp3.0                        19   54.0    135     72     17.2       69.5
  t2_r1.5_lm19_tmp3.0                          19   65.0   2045     50     10.1       74.1
  t2_r1.625_s0_md33_sn0_lm19                   19   65.0   1110      2     10.5       74.4
  t2_r1.375_s0_md33_sn0_lm19                   19   65.2   1110      2     10.5       74.7
  t2_r1.375_lm19_tmp3.0                        19   65.7   1117     72     11.0       75.6
  t2_r1.625_lm17_tmp3.0                        17   65.6   1117     72     11.6       76.1
  t2_r1.375_lm17_tmp3.0                        17   65.1   1117     72     12.4       76.3
  t2_r1.25_s0_md33_sn0_lm19                    19   65.0   1110      2     13.0       76.7
  t1_r1.25_lm19_tmp3.0                         19   52.9    108     72     28.0       78.1
  t2_r1.25_lm19_tmp3.0                         19   65.5   1117     72     15.0       79.0
  t2_r1.75_s0_md33_sn0_lm19                    19   77.5   2090     34     16.4       92.3
  t2_r1.75_s0_md33_sn0_lm23                    23   79.8   2119     18     19.7       97.5
  t2_r1.375_s0_md33_sn0_lm17                   17   89.8   3079     34     10.8       99.5
  t2_r1.125_lm19_tmp3.0                        19   90.2   2090      2     15.2      103.9
  t2_r1.125_s0_md33_sn0_lm19                   19   77.8   2090     34     30.5      105.3
  t2_r1.5_s0_md33_sn0_lm19                     19  102.5   4090     34     10.1      111.6
  t2_r1.25_s0_md33_sn0_lm17                    17  102.3   4047     32     11.6      112.8

  Winner: t2_r1.5_s0_md33_sn0_lm17
    mean=52.3, max=105 at chord 72, spread=10.5, combined=61.7

==============================================================================
Chorale: bwv261  (suffix: -trans-sa-opt.npy, spread_weight: 0.9)
==============================================================================
  Directory                                    lm   Mean    Max  MaxCh   Spread   Combined
  ------------------------------------------   --  -----  -----  -----  -------  ---------
  t1_r1.125_s0_md33_sn0_lm17                   17   56.3    140     72     17.2       71.7 <-- BEST
  t2_r1.625_lm17_tmp3.0                        17   57.0    140     72     16.5       71.8
  t1_r1.125_lm17_tmp3.0                        17   56.5    140     72     17.2       71.9
  t2_r1.125_s0_md33_sn0_lm17                   17   56.3    140     72     17.8       72.3
  t2_r1.375_s0_md33_sn0_lm17                   17   56.4    140     72     17.8       72.4
  t2_r1.25_s0_md33_sn0_lm17                    17   56.2    140     72     18.1       72.5
  t2_r1.75_s0_md33_sn0_lm17                    17   56.6    140     72     17.6       72.5
  t2_r1.5_s0_md33_sn0_lm17                     17   57.5    145     72     16.8       72.6
  t1_r1.375_s0_md33_sn0_lm17                   17   56.3    140     72     18.2       72.7
  t2_r1.5_lm19_tmp3.0                          19   56.9    140     72     17.9       73.1
  t1_r1.125_s0_md33_sn0_lm19                   19   56.3    140     72     18.8       73.2
  t1_r1.625_s0_md33_sn0_lm19                   19   56.2    140     72     19.0       73.3
  t2_r1.375_lm17_tmp3.0                        17   56.8    140     72     18.7       73.5
  t1_r1.375_lm19_tmp3.0                        19   57.1    140     72     18.5       73.7
  t2_r1.25_s0_md33_sn0_lm19                    19   56.2    140     72     19.5       73.8
  t1_r1.625_lm17_tmp3.0                        17   56.8    140     72     19.0       73.9
  t2_r1.25_lm19_tmp3.0                         19   56.9    140     72     18.9       73.9
  t2_r1.125_lm17_tmp3.0                        17   56.6    140     72     19.3       74.0
  t2_r1.75_s0_md33_sn0_lm19                    19   57.4    145     72     18.6       74.1
  t1_r1.25_s0_md33_sn0_lm19                    19   56.6    140     72     19.7       74.3
  t1_r1.375_lm17_tmp3.0                        17   57.0    140     72     19.2       74.3
  t1_r1.75_s0_md33_sn0_lm17                    17   56.7    145     72     19.7       74.4
  t1_r1.625_s0_md33_sn0_lm17                   17   56.8    140     72     20.1       74.9
  t1_r1.625_lm19_tmp3.0                        19   56.9    140     72     20.3       75.1
  t1_r1.5_s0_md33_sn0_lm19                     19   57.0    140     72     20.7       75.6
  t1_r1.125_lm19_tmp3.0                        19   57.8    140     72     19.7       75.6
  t1_r1.25_s0_md33_sn0_lm17                    17   56.0    140     72     21.9       75.7
  t1_r1.25_lm19_tmp3.0                         19   57.3    140     72     21.4       76.6
  t1_r1.375_s0_md33_sn0_lm19                   19   57.2    140     72     23.0       77.9
  t1_r1.75_s0_md33_sn0_lm19                    19   57.1    157     58     24.2       78.9
  t2_r1.625_s0_md33_sn0_lm17                   17   63.5   1087    192     17.3       79.1
  t1_r1.5_s0_md33_sn0_lm17                     17   70.9   2101    192     17.5       86.6
  t2_r1.375_s0_md33_sn0_lm19                   19   71.0   2176     72     17.5       86.8
  t1_r1.5_lm17_tmp3.0                          17   71.1   2101    192     19.4       88.6
  t2_r1.25_lm17_tmp3.0                         17   78.3   3089    194     18.4       94.9
  t1_r1.25_lm17_tmp3.0                         17   78.6   3075    194     18.2       95.0
  t1_r1.5_lm19_tmp3.0                          19   79.2   3157     72     17.9       95.3
  t2_r1.125_s0_md33_sn0_lm19                   19   77.9   3079    160     19.5       95.4
  t2_r1.5_lm17_tmp3.0                          17   85.3   4087    192     19.3      102.7
  t2_r1.625_lm19_tmp3.0                        19   86.2   2119    232     18.6      102.9
  t2_r1.125_lm19_tmp3.0                        19   86.7   2119     80     18.6      103.5
  t2_r1.625_s0_md33_sn0_lm19                   19   99.4   4089    192     18.5      116.1
  t2_r1.375_lm19_tmp3.0                        19  101.5   2119    232     23.1      122.3
  t2_r1.75_s0_md33_sn0_lm23                    23  110.5   2135     72     23.3      131.5
  t2_r1.5_s0_md33_sn0_lm19                     19  128.6   4089    192     22.9      149.2

  Winner: t1_r1.125_s0_md33_sn0_lm17
    mean=56.3, max=140 at chord 72, spread=17.2, combined=71.7

==============================================================================
Chorale: bwv262  (suffix: -trans-sa-opt.npy, spread_weight: 0.9)
==============================================================================
  Directory                                    lm   Mean    Max  MaxCh   Spread   Combined
  ------------------------------------------   --  -----  -----  -----  -------  ---------
  t1_r1.75_s0_md33_sn0_lm19                    19   47.6    113    183      8.0       54.8 <-- BEST
  t1_r1.625_s0_md33_sn0_lm17                   17   47.7    113     55      8.9       55.7
  t1_r1.5_s0_md33_sn0_lm17                     17   47.7    115     55      9.2       56.1
  t1_r1.375_s0_md33_sn0_lm19                   19   47.8    113     55      9.7       56.5
  t2_r1.625_s0_md33_sn0_lm17                   17   47.7    113     55     10.0       56.8
  t2_r1.375_s0_md33_sn0_lm17                   17   47.7    115    183     10.2       57.0
  t2_r1.25_s0_md33_sn0_lm17                    17   47.7    113     55     10.3       57.0
  t1_r1.375_s0_md33_sn0_lm17                   17   47.7    113     55     11.1       57.7
  t2_r1.125_s0_md33_sn0_lm19                   19   47.7    113     55     11.4       58.0
  t2_r1.125_s0_md33_sn0_lm17                   17   47.7    113     55     11.6       58.2
  t1_r1.25_s0_md33_sn0_lm19                    19   48.2    119    102     11.2       58.3
  t1_r1.125_s0_md33_sn0_lm19                   19   47.8    115     55     11.8       58.4
  t2_r1.125_lm17_tmp3.0                        17   47.9    113     55     11.8       58.5
  t2_r1.625_s0_md33_sn0_lm19                   19   47.7    113     55     12.5       58.9
  t1_r1.75_s0_md33_sn0_lm17                    17   47.5     93     55     13.0       59.2
  t2_r1.5_s0_md33_sn0_lm17                     17   47.7    113     55     12.8       59.2
  t1_r1.125_s0_md33_sn0_lm17                   17   47.8    113     55     12.8       59.3
  t2_r1.75_s0_md33_sn0_lm17                    17   47.6    113     55     13.0       59.3
  t2_r1.125_lm19_tmp3.0                        19   48.5    137    102     12.8       60.0
  t2_r1.5_lm19_tmp3.0                          19   47.8    113     55     13.8       60.1
  t1_r1.625_lm19_tmp3.0                        19   47.8    113     55     14.8       61.1
  t1_r1.25_lm17_tmp3.0                         17   47.8    113     55     15.8       62.0
  t1_r1.625_lm17_tmp3.0                        17   47.8    115    183     15.8       62.0
  t2_r1.625_lm19_tmp3.0                        19   48.9    125     48     14.8       62.2
  t1_r1.5_s0_md33_sn0_lm19                     19   47.8    113     55     16.2       62.4
  t1_r1.5_lm17_tmp3.0                          17   47.8    113     55     16.2       62.4
  t1_r1.125_lm19_tmp3.0                        19   48.5    137    102     15.8       62.7
  t1_r1.5_lm19_tmp3.0                          19   48.1    113     55     16.8       63.2
  t1_r1.25_lm19_tmp3.0                         19   47.8    113     55     17.2       63.3
  t2_r1.25_lm19_tmp3.0                         19   47.8    113     55     17.2       63.3
  t2_r1.25_lm17_tmp3.0                         17   48.4    113     55     17.2       63.9
  t2_r1.25_s0_md33_sn0_lm19                    19   47.8    113     55     18.2       64.2
  t1_r1.375_lm19_tmp3.0                        19   47.8    115     55     18.2       64.2
  t2_r1.5_lm17_tmp3.0                          17   47.8    115    183     18.2       64.2
  t2_r1.375_lm17_tmp3.0                        17   47.8    113     55     18.8       64.7
  t2_r1.375_s0_md33_sn0_lm19                   19   47.9    113     55     18.8       64.8
  t1_r1.375_lm17_tmp3.0                        17   47.8    113     55     19.2       65.1
  t2_r1.625_lm17_tmp3.0                        17   47.8    113     55     19.2       65.1
  t1_r1.125_lm17_tmp3.0                        17   47.9    115    183     19.2       65.3
  t2_r1.5_s0_md33_sn0_lm19                     19   47.9    113     55     19.8       65.7
  t1_r1.25_s0_md33_sn0_lm17                    17   47.8    113     55     20.2       66.0
  t2_r1.75_s0_md33_sn0_lm19                    19   47.6    113     55     20.5       66.1
  t1_r1.625_s0_md33_sn0_lm19                   19   47.8    113     55     21.2       66.9
  t2_r1.375_lm19_tmp3.0                        19   47.8    113     55     21.2       66.9
  t2_r1.75_s0_md33_sn0_lm23                    23  127.5   4043     20     13.4      139.5

  Winner: t1_r1.75_s0_md33_sn0_lm19
    mean=47.6, max=113 at chord 183, spread=8.0, combined=54.8

==============================================================================
Chorale: bwv263  (suffix: -trans-sa-opt.npy, spread_weight: 0.9)
==============================================================================
  Directory                                    lm   Mean    Max  MaxCh   Spread   Combined
  ------------------------------------------   --  -----  -----  -----  -------  ---------
  t1_r1.25_s0_md33_sn0_lm19                    19   49.9    140    104     11.5       60.3 <-- BEST
  t1_r1.125_lm17_tmp3.0                        17   49.9    140    104     11.5       60.3
  t1_r1.375_lm17_tmp3.0                        17   49.9    140    104     11.6       60.3
  t1_r1.5_lm17_tmp3.0                          17   49.9    140    104     12.2       60.9
  t2_r1.5_lm17_tmp3.0                          17   49.9    140    104     12.4       61.0
  t2_r1.375_lm17_tmp3.0                        17   49.9    140    104     12.4       61.0
  t2_r1.25_lm17_tmp3.0                         17   49.9    140    104     12.5       61.1
  t2_r1.125_lm19_tmp3.0                        19   50.2    140    104     12.2       61.3
  t1_r1.625_lm17_tmp3.0                        17   50.2    140    104     12.4       61.4
  t1_r1.25_lm17_tmp3.0                         17   50.7    140    104     12.1       61.6
  t1_r1.25_lm19_tmp3.0                         19   50.2    140    104     12.9       61.8
  t1_r1.5_lm19_tmp3.0                          19   50.2    140    104     13.0       61.9
  t1_r1.625_s0_md33_sn0_lm17                   17   49.8    140    104     13.6       62.0
  t2_r1.75_s0_md33_sn0_lm19                    19   49.9    140    104     13.7       62.2
  t2_r1.25_lm19_tmp3.0                         19   50.2    140    104     13.4       62.3
  t1_r1.125_lm19_tmp3.0                        19   49.9    140    104     13.9       62.4
  t2_r1.375_lm19_tmp3.0                        19   49.9    140    104     14.1       62.6
  t1_r1.375_lm19_tmp3.0                        19   50.2    140    104     14.2       63.1
  t2_r1.125_s0_md33_sn0_lm19                   19   50.4    140    104     14.2       63.2
  t1_r1.25_s0_md33_sn0_lm17                    17   50.2    140    104     14.5       63.3
  t2_r1.625_lm17_tmp3.0                        17   50.2    140    104     14.5       63.3
  t2_r1.625_s0_md33_sn0_lm17                   17   50.3    145    104     14.5       63.3
  t2_r1.125_lm17_tmp3.0                        17   49.9    140    104     15.0       63.4
  t1_r1.125_s0_md33_sn0_lm17                   17   50.0    140    104     15.0       63.5
  t1_r1.125_s0_md33_sn0_lm19                   19   50.1    140    104     15.0       63.6
  t1_r1.5_s0_md33_sn0_lm19                     19   50.2    140    104     15.0       63.7
  t1_r1.375_s0_md33_sn0_lm19                   19   49.7    140    104     15.7       63.9
  t2_r1.75_s0_md33_sn0_lm17                    17   49.6    140    104     16.0       64.0
  t1_r1.625_lm19_tmp3.0                        19   50.2    140    104     15.6       64.3
  t2_r1.375_s0_md33_sn0_lm17                   17   50.6    140    104     17.0       65.9
  t1_r1.375_s0_md33_sn0_lm17                   17   49.9    140    104     18.0       66.1
  t1_r1.75_s0_md33_sn0_lm19                    19   50.1    140    104     22.0       69.9
  t2_r1.5_lm19_tmp3.0                          19   60.7   1043     20     10.5       70.1
  t2_r1.25_s0_md33_sn0_lm19                    19   49.9    140    104     23.0       70.6
  t2_r1.125_s0_md33_sn0_lm17                   17   60.5   1110     42     12.9       72.1
  t2_r1.25_s0_md33_sn0_lm17                    17   60.6   1110     42     13.8       73.0
  t1_r1.75_s0_md33_sn0_lm17                    17   49.8    140    104     26.0       73.2
  t2_r1.5_s0_md33_sn0_lm17                     17   60.8   1110     42     14.8       74.1
  t1_r1.625_s0_md33_sn0_lm19                   19   49.6    140    104     28.0       74.8
  t1_r1.5_s0_md33_sn0_lm17                     17   50.1    140    104     27.5       74.9
  t2_r1.75_s0_md33_sn0_lm23                    23   50.4    140    104     30.5       77.9
  t2_r1.625_s0_md33_sn0_lm19                   19   60.3   1110     42     33.0       90.0
  t2_r1.5_s0_md33_sn0_lm19                     19   81.0   3043    148     28.0      106.2
  t2_r1.625_lm19_tmp3.0                        19  113.2   4045     78     16.8      128.3
  t2_r1.375_s0_md33_sn0_lm19                   19  133.0   3043     60     18.5      149.7

  Winner: t1_r1.25_s0_md33_sn0_lm19
    mean=49.9, max=140 at chord 104, spread=11.5, combined=60.3

==============================================================================
Chorale: bwv264  (suffix: -trans-sa-opt.npy, spread_weight: 0.9)
==============================================================================
  Directory                                    lm   Mean    Max  MaxCh   Spread   Combined
  ------------------------------------------   --  -----  -----  -----  -------  ---------
  t1_r1.625_s0_md33_sn0_lm17                   17   48.0    105    110      9.5       56.5 <-- BEST
  t2_r1.125_lm19_tmp3.0                        19   48.1    127    110      9.6       56.8
  t1_r1.125_lm17_tmp3.0                        17   48.6    127    110      9.2       56.9
  t1_r1.5_lm17_tmp3.0                          17   48.6    127    110      9.3       57.0
  t1_r1.375_lm19_tmp3.0                        19   49.4    171    106      8.7       57.2
  t1_r1.375_lm17_tmp3.0                        17   48.0    105    110     10.4       57.3
  t1_r1.625_lm19_tmp3.0                        19   48.6    130    110      9.9       57.5
  t1_r1.5_lm19_tmp3.0                          19   48.2    140    110     10.3       57.5
  t2_r1.625_lm19_tmp3.0                        19   48.6    130    110      9.9       57.5
  t2_r1.375_lm17_tmp3.0                        17   48.5    130    110     10.1       57.6
  t1_r1.25_lm17_tmp3.0                         17   48.6    130    110     10.1       57.7
  t1_r1.625_lm17_tmp3.0                        17   48.4    125    111     10.3       57.7
  t2_r1.375_s0_md33_sn0_lm17                   17   48.2    111    110     10.6       57.8
  t2_r1.25_s0_md33_sn0_lm17                    17   48.2    104    110     10.8       57.9
  t1_r1.25_s0_md33_sn0_lm17                    17   48.3    150    110     10.7       57.9
  t1_r1.625_s0_md33_sn0_lm19                   19   48.1    108    110     11.0       58.0
  t1_r1.125_s0_md33_sn0_lm17                   17   48.0    105    110     11.2       58.0
  t2_r1.625_s0_md33_sn0_lm19                   19   48.2    140    110     10.9       58.1
  t2_r1.5_s0_md33_sn0_lm17                     17   48.2    104    110     11.0       58.1
  t2_r1.375_lm19_tmp3.0                        19   48.6    130    110     10.7       58.2
  t1_r1.25_s0_md33_sn0_lm19                    19   48.6    130    110     10.8       58.3
  t1_r1.5_s0_md33_sn0_lm19                     19   48.4    130    110     11.2       58.5
  t2_r1.5_lm19_tmp3.0                          19   48.0    105    110     11.8       58.6
  t2_r1.25_lm17_tmp3.0                         17   48.6    130    110     11.2       58.6
  t2_r1.25_lm19_tmp3.0                         19   48.5    130    110     11.4       58.8
  t1_r1.375_s0_md33_sn0_lm17                   17   48.5    119    111     11.5       58.9
  t2_r1.75_s0_md33_sn0_lm17                    17   48.0    105    110     12.2       59.0
  t1_r1.125_lm19_tmp3.0                        19   48.2    140    110     12.3       59.3
  t2_r1.375_s0_md33_sn0_lm19                   19   48.3    124    110     12.2       59.3
  t1_r1.25_lm19_tmp3.0                         19   48.1    140    110     12.8       59.7
  t1_r1.5_s0_md33_sn0_lm17                     17   48.2    148    110     12.8       59.8
  t1_r1.375_s0_md33_sn0_lm19                   19   48.2    108    110     13.0       59.9
  t1_r1.125_s0_md33_sn0_lm19                   19   48.9    148    110     12.2       59.9
  t1_r1.75_s0_md33_sn0_lm17                    17   48.2    111    110     14.2       61.0
  t2_r1.625_s0_md33_sn0_lm17                   17   49.2    130    110     15.0       62.7
  t2_r1.5_lm17_tmp3.0                          17   54.8   1135    110      9.4       63.3
  t2_r1.625_lm17_tmp3.0                        17   54.8   1135    110      9.4       63.3
  t2_r1.125_lm17_tmp3.0                        17   54.9   1135    110     10.4       64.3
  t1_r1.75_s0_md33_sn0_lm19                    19   48.2    111    110     17.9       64.3
  t2_r1.125_s0_md33_sn0_lm19                   19   55.4   1143    110     10.6       64.9
  t2_r1.75_s0_md33_sn0_lm19                    19   54.9   1135    110     11.5       65.3
  t2_r1.25_s0_md33_sn0_lm19                    19   61.7   2138    110     11.1       71.7
  t2_r1.75_s0_md33_sn0_lm23                    23   62.0   2121    103     14.3       74.9
  t2_r1.125_s0_md33_sn0_lm17                   17   68.3   3062    111     23.5       89.4
  t2_r1.5_s0_md33_sn0_lm19                     19  102.1   4045     12     10.4      111.5

  Winner: t1_r1.625_s0_md33_sn0_lm17
    mean=48.0, max=105 at chord 110, spread=9.5, combined=56.5

==============================================================================

Run with --render to produce audio for the winners.
